0 20.9809198002
60 21.0446861477
120 21.1084524952
180 21.1722188427
240 21.2359851902
300 21.2997515377
360 21.3635178852
420 21.4272842327
480 21.4910505802
540 21.5548169277
600 21.6185832752
660 21.6823496227
720 21.7461159702
780 21.8098823177
840 21.8736486652
900 21.9374150126
960 21.2322165217
1020 18.8701813309
1080 16.5081461402
1140 14.1461109494
1200 11.7840757586
1260 9.4220405678
1320 7.0600053771
1380 4.6979701863
1440 2.3359349955
1500 3.9117288746
1560 10.3346291188
1620 16.7575293631
1680 23.1804296074
1740 29.6033298516
1800 29.3427923193
1860 27.9429964272
1920 26.5432005351
1980 25.1434046431
2040 23.743608751
2100 22.3438128589
2160 20.9440169668
2220 20.4644573892
2280 20.6152439834
2340 20.7660305776
2400 20.9168171717
2460 21.0676037659
2520 21.2183903601
2580 21.3691769542
2640 21.5199635484
2700 21.6707501426
2760 21.8215367367
2820 21.7005734771
2880 18.3935532973
2940 15.0865331175
3000 11.7795129378
3060 8.472492758
3120 5.1654725782
3180 1.8584523985
3240 5.975625526
3300 12.4116256435
3360 18.847625761
3420 25.2836258784
3480 30
3540 29.0213332688
3600 28.0426665376
3660 27.0639998064
3720 26.0853330752
3780 25.106666344
3840 24.1279996128
3900 23.1493328816
3960 22.1706661504
4020 21.1919994193
4080 20.608726739
4140 20.7851253508
4200 20.9615239625
4260 21.1379225743
4320 21.3143211861
4380 21.4907197978
4440 21.6671184096
4500 21.8435170213
4560 20.908195538
4620 18.5772565025
4680 16.2463174671
4740 13.9153784317
4800 11.5844393963
4860 9.2535003609
4920 6.9225613255
4980 4.5916222901
5040 2.2606832547
5100 8.7164341904
5160 24.0267673743
5220 29.3076607426
5280 27.810341391
5340 26.3130220393
5400 24.8157026877
5460 23.3183833361
5520 21.8210639845
5580 20.3237446329
5640 19.0588997095
5700 18.162484155
5760 17.2660686005
5820 16.369653046
5880 15.4732374915
5940 14.576821937
6000 13.6804063825
6060 12.783990828
6120 11.8875752735
6180 10.991159719
6240 10.0947441645
6300 9.1983286099
6360 8.3019130554
6420 7.4054975009
6480 6.5090819464
6540 5.6126663919
6600 5.1066417989
6660 6.8578604891
6720 15.7892885163
6780 0.9929874607
6840 0.7627964508
6900 0.3682092955
6960 0.262401345
7020 0.3044598188
7080 0.2291469699
7140 0.1777940552
7200 0.1569928169
7260 0.1393276723
7320 0.1328359485
7380 0.1263442247
7440 0.1198525009
7500 0.113360777
7560 0.1068690532
7620 0.1003773294
7680 0.0938856055
7740 0.0915938969
7800 0.0894850678
7860 0.0873762387
7920 0.0852674096
7980 0.0831585804
8040 0.0810497513
8100 0.0789409222
8160 0.0768320931
8220 0.074723264
8280 0.0726144349
8340 0.0705056058
8400 0.0683967767
8460 0.0662879475
8520 0.0641791184
8580 0.0620702893
8640 0.0599614602
8700 0.0578526311
8760 0.055743802
8820 0.0536349729
8880 0.0515261438
8940 0.0494173146
9000 0.0473084855
9060 0.0459122836
9120 0.0453076189
9180 0.0447029542
9240 0.0440982894
9300 0.0434936247
9360 0.04288896
9420 0.0422842952
9480 0.0416796305
9540 0.0411769935
9600 0.0406991441
9660 0.0402212948
9720 0.0397434455
9780 0.0392655961
9840 0.0387877468
9900 0.0383098975
9960 0.0378320482
10020 0.0373541988
10080 0.0368763495
10140 0.0364631897
10200 0.0361013492
10260 0.0357395087
10320 0.0353776682
10380 0.0350158277
10440 0.0346539872
10500 0.0342921467
10560 0.0339303062
10620 0.0335684657
10680 0.0332066252
10740 0.0328447847
10800 0.0324829442
10860 0.0321211037
10920 0.0317608475
10980 0.0314012066
11040 0.0310415657
11100 0.0306819248
11160 0.0303222839
11220 0.029962643
11280 0.0296030022
11340 0.0292433613
11400 0.0288837204
11460 0.0285240795
11520 0.0281644386
11580 0.0278047977
11640 0.0274451568
11700 0.0272213952
11760 0.0270113275
11820 0.0268012598
11880 0.0265911921
11940 0.0263811245
12000 0.0261710568
12060 0.0259609891
12120 0.0257509214
12180 0.0255408538
12240 0.0253307861
12300 0.0251207184
12360 0.0249106507
12420 0.0247005831
12480 0.0244905154
12540 0.0242804477
12600 0.02407038
12660 0.0238603124
12720 0.0236502447
12780 0.023440177
12840 0.0232301093
12900 0.0230200417
12960 0.022809974
13020 0.0225999063
13080 0.0224899421
13140 0.0224160956
13200 0.0223422492
13260 0.0222684028
13320 0.0221945563
13380 0.0221207099
13440 0.0220468635
13500 0.021973017
13560 0.0218991706
13620 0.0218253241
13680 0.0217514777
13740 0.0216776313
13800 0.0216037848
13860 0.0215299384
13920 0.0214560919
13980 0.0213822455
14040 0.0213083991
14100 0.0212345526
14160 0.0211607062
14220 0.0210868597
14280 0.0210130133
14340 0.0209391669
14400 0.0208653204
14460 0.020791474
14520 0.0207176276
14580 0.0206437811
14640 0.0205699347
14700 0.0204960882
14760 0.0204222418
14820 0.0203483954
14880 0.0202745489
14940 0.0202007025
15000 0.020126856
15060 0.0200530096
15120 0.0199791632
15180 0.0199053167
15240 0.0198314703
15300 0.0197576239
15360 0.0196837774
15420 0.019609931
15480 0.0195360845
15540 0.0194622381
15600 0.0193883917
15660 0.0193145452
15720 0.0192406988
15780 0.0191668523
15840 0.0190930059
15900 0.0190191595
15960 0.018945313
16020 0.0188714666
16080 0.0187976202
16140 0.0187237737
16200 0.0186499273
16260 0.0185760808
16320 0.0185022344
16380 0.018428388
16440 0.0183545415
16500 0.0182806951
16560 0.0182068486
16620 0.0181330022
16680 0.0180591558
16740 0.0179853093
16800 0.0179356441
16860 0.01790564
16920 0.017875636
16980 0.0178456319
17040 0.0178156278
17100 0.0177856237
17160 0.0177556196
17220 0.0177256156
17280 0.0176956115
17340 0.0176656074
17400 0.0176356033
17460 0.0176055992
17520 0.0175755951
17580 0.0175455911
17640 0.017515587
17700 0.0174855829
17760 0.0174555788
17820 0.0174255747
17880 0.0173955707
17940 0.0173655666
18000 0.0173355625
18060 0.0173055584
18120 0.0172755543
18180 0.0172455503
18240 0.0172155462
18300 0.0171855421
18360 0.017155538
18420 0.0171255339
18480 0.0170955298
18540 0.0170655258
18600 0.0170355217
18660 0.0170055176
18720 0.0169755135
18780 0.0169455094
18840 0.0169155054
18900 0.0168855013
18960 0.0168554972
19020 0.0168254931
19080 0.016795489
19140 0.016765485
19200 0.0167354809
19260 0.0167054768
19320 0.0166754727
19380 0.0166454686
19440 0.0166154645
19500 0.0165854605
19560 0.0165554564
19620 0.0165254523
19680 0.0164954482
19740 0.0164654441
19800 0.0164354401
19860 0.016405436
19920 0.0163754319
19980 0.0163454278
20040 0.0163154237
20100 0.0162854197
20160 0.0162554156
20220 0.0162254115
20280 0.0161954074
20340 0.0161654033
20400 0.0161353993
20460 0.0161053952
20520 0.0160753911
20580 0.016045387
20640 0.0160153829
20700 0.0159853788
20760 0.0159553748
20820 0.0159253707
20880 0.0158953666
20940 0.0158653625
21000 0.0158353584
21060 0.0158053544
21120 0.0157753503
21180 0.0157453462
21240 0.0157153421
21300 0.015685338
21360 0.015655334
21420 0.0156253299
21480 0.0155953258
21540 0.0155653217
21600 0.0155353176
21660 0.0155053135
21720 0.0154753095
21780 0.0154453054
21840 0.0154153013
21900 0.0153852972
21960 0.0153552931
22020 0.0153252891
22080 0.015295285
22140 0.0152652809
22200 0.0152352768
22260 0.0152052727
22320 0.0151752687
22380 0.0151452646
22440 0.0151152605
22500 0.0150852564
22560 0.0150552523
22620 0.0150252483
22680 0.0149952442
22740 0.0149652401
22800 0.014935236
22860 0.0149052319
22920 0.0148752278
22980 0.0148452238
23040 0.0148152197
23100 0.0147852156
23160 0.0147552115
23220 0.0147252074
23280 0.0146952034
23340 0.0146651993
23400 0.0146351952
23460 0.0146051911
23520 0.014575187
23580 0.014545183
23640 0.0145151789
23700 0.0144851748
23760 0.0144551707
23820 0.0144251666
23880 0.0143951625
23940 0.0143651585
24000 0.0143351544
24060 0.0143051503
24120 0.0142751462
24180 0.0142451421
24240 0.0142151381
24300 0.014185134
24360 0.0141551299
24420 0.0141251258
24480 0.0140951217
24540 0.0140651177
24600 0.0140351136
24660 0.0140051095
24720 0.0139751054
24780 0.0139451013
24840 0.0139150973
24900 0.0138850932
24960 0.0138550891
25020 0.013825085
25080 0.0137950809
25140 0.0137650768
25200 0.0137350728
25260 0.0137050687
25320 0.0136750646
25380 0.0136450605
25440 0.0136150564
25500 0.0135850524
25560 0.0135550483
25620 0.0135250442
25680 0.0134950401
25740 0.013465036
25800 0.013435032
25860 0.0134050279
25920 0.0133750238
25980 0.0133450197
26040 0.0133150156
26100 0.0132850115
26160 0.0132550075
26220 0.0132250034
26280 0.0131949993
26340 0.0131649952
26400 0.0131349911
26460 0.0131125696
26520 0.0130963842
26580 0.0130801987
26640 0.0130640133
26700 0.0130478279
26760 0.0130316425
26820 0.0130154571
26880 0.0129992717
26940 0.0129830863
27000 0.0129669009
27060 0.0129507155
27120 0.0129345301
27180 0.0129183447
27240 0.0129021593
27300 0.0128859739
27360 0.0128697885
27420 0.0128536031
27480 0.0128374177
27540 0.0128212323
27600 0.0128050469
27660 0.0127888614
27720 0.012772676
27780 0.0127564906
27840 0.0127403052
27900 0.0127241198
27960 0.0127079344
28020 0.012691749
28080 0.0126755636
28140 0.0126593782
28200 0.0126431928
28260 0.0126270074
28320 0.012610822
28380 0.0125946366
28440 0.0125784512
28500 0.0125622658
28560 0.0125460804
28620 0.012529895
28680 0.0125137096
28740 0.0124975242
28800 0.0124813387
28860 0.0124651533
28920 0.0124489679
28980 0.0124327825
29040 0.0124165971
29100 0.0124004117
29160 0.0123842263
29220 0.0123680409
29280 0.0123518555
29340 0.0123356701
29400 0.0123194847
29460 0.0123032993
29520 0.0122871139
29580 0.0122709285
29640 0.0122547431
29700 0.0122385577
29760 0.0122223723
29820 0.0122061869
29880 0.0121900014
29940 0.012173816
30000 0.0121576306
30060 0.0121414452
30120 0.0121252598
30180 0.0121090744
30240 0.012092889
30300 0.0120767036
30360 0.0120605182
30420 0.0120443328
30480 0.0120281474
30540 0.012011962
30600 0.0119957766
30660 0.0119795912
30720 0.0119634058
30780 0.0119472204
30840 0.011931035
30900 0.0119148496
30960 0.0118986641
31020 0.0118824787
31080 0.0118662933
31140 0.0118501079
31200 0.0118339225
31260 0.0118177371
31320 0.0118015517
31380 0.0117853663
31440 0.0117691809
31500 0.0117529955
31560 0.0117368101
31620 0.0117206247
31680 0.0117044393
31740 0.0116882539
31800 0.0116720685
31860 0.0116558831
31920 0.0116396977
31980 0.0116235123
32040 0.0116073269
32100 0.0115911414
32160 0.011574956
32220 0.0115587706
32280 0.0115425852
32340 0.0115263998
32400 0.0115102144
32460 0.011494029
32520 0.0114778436
32580 0.0114616582
32640 0.0114454728
32700 0.0114292874
32760 0.011413102
32820 0.0113969166
32880 0.0113807312
32940 0.0113645458
33000 0.0113483604
33060 0.011332175
33120 0.0113159896
33180 0.0112998041
33240 0.0112836187
33300 0.0112674333
33360 0.0112512479
33420 0.0112350625
33480 0.0112188771
33540 0.0112026917
33600 0.0111865063
33660 0.0111703209
33720 0.0111541355
33780 0.0111379501
33840 0.0111217647
33900 0.0111055793
33960 0.0110893939
34020 0.0110732085
34080 0.0110570231
34140 0.0110408377
34200 0.0110246523
34260 0.0110084669
34320 0.0109922814
34380 0.010976096
34440 0.0109599106
34500 0.0109437252
34560 0.0109275398
34620 0.0109113544
34680 0.010895169
34740 0.010881271
34800 0.0108679138
34860 0.0108545566
34920 0.0108411995
34980 0.0108278423
35040 0.0108144851
35100 0.0108011279
35160 0.0107877707
35220 0.0107744135
35280 0.0107610563
35340 0.0107476991
35400 0.0107343419
35460 0.0107209847
35520 0.0107076275
35580 0.0106942703
35640 0.0106809131
35700 0.0106675559
35760 0.0106541987
35820 0.0106408415
35880 0.0106274843
35940 0.0106141271
36000 0.0106007699
36060 0.0105874128
36120 0.0105740556
36180 0.0105606984
36240 0.0105473412
36300 0.010533984
36360 0.0105206268
36420 0.0105072696
36480 0.0104939124
36540 0.0104805552
36600 0.010467198
36660 0.0104538408
36720 0.0104404836
36780 0.0104271264
36840 0.0104137692
36900 0.010400412
36960 0.0103870548
37020 0.0103736976
37080 0.0103603404
37140 0.0103469832
37200 0.010333626
37260 0.0103202689
37320 0.0103069117
37380 0.0102935545
37440 0.0102801973
37500 0.0102668401
37560 0.0102534829
37620 0.0102401257
37680 0.0102267685
37740 0.0102134113
37800 0.0102000541
37860 0.0101866969
37920 0.0101733397
37980 0.0101599825
38040 0.0101466253
38100 0.0101332681
38160 0.0101199109
38220 0.0101065537
38280 0.0100931965
38340 0.0100798393
38400 0.0100664822
38460 0.010053125
38520 0.0100397678
38580 0.0100264106
38640 0.0100130534
38700 0.0099996962
38760 0.009986339
38820 0.0099729818
38880 0.0099596246
38940 0.0099462674
39000 0.0099329102
39060 0.009919553
39120 0.0099061958
39180 0.0098928386
39240 0.0098794814
39300 0.0098661242
39360 0.009852767
39420 0.0098394098
39480 0.0098260526
39540 0.0098126955
39600 0.0097993383
39660 0.0097859811
39720 0.0097726239
39780 0.0097592667
39840 0.0097459095
39900 0.0097325523
39960 0.0097191951
40020 0.0097058379
40080 0.0096924807
40140 0.0096791235
40200 0.0096657663
40260 0.0096524091
40320 0.0096390519
40380 0.0096256947
40440 0.0096123375
40500 0.0095989803
40560 0.0095856231
40620 0.0095722659
40680 0.0095589087
40740 0.0095455516
40800 0.0095321944
40860 0.0095188372
40920 0.00950548
40980 0.0094921228
41040 0.0094787656
41100 0.0094654084
41160 0.0094520512
41220 0.009438694
41280 0.0094253368
41340 0.0094119796
41400 0.0093986224
41460 0.0093852652
41520 0.009371908
41580 0.0093585508
41640 0.0093451936
41700 0.0093318364
41760 0.0093184792
41820 0.009305122
41880 0.0092917649
41940 0.0092784077
42000 0.0092650505
42060 0.0092516933
42120 0.0092383361
42180 0.0092249789
42240 0.0092116217
42300 0.0091982645
42360 0.0091849073
42420 0.0091715501
42480 0.0091581929
42540 0.0091448357
42600 0.0091314785
42660 0.0091181213
42720 0.0091047641
42780 0.0090914069
42840 0.0090780497
42900 0.0090646925
42960 0.0090513353
43020 0.0090379782
43080 0.009024621
43140 0.0090112638
43200 0.0089979066
43260 0.0089845494
43320 0.0089711922
43380 0.008957835
43440 0.0089444778
43500 0.0089311206
43560 0.0089177634
43620 0.0089044062
43680 0.008891049
43740 0.0088776918
43800 0.0088643346
43860 0.0088509774
43920 0.0088376202
43980 0.008824263
44040 0.0088109058
44100 0.0087975486
44160 0.0087841914
44220 0.0087708343
44280 0.0087574771
44340 0.0087441199
44400 0.0087307627
44460 0.0087174055
44520 0.0087040483
44580 0.0086906911
44640 0.0086773339
44700 0.0086639767
44760 0.0086506195
44820 0.0086372623
44880 0.0086239051
44940 0.0086105479
45000 0.0085971907
45060 0.0085838335
45120 0.0085704763
45180 0.0085571191
45240 0.0085437619
45300 0.0085304047
45360 0.0085170476
45420 0.0085036904
45480 0.0084903332
45540 0.008476976
45600 0.0084636188
45660 0.0084567676
45720 0.0084507122
45780 0.0084446568
45840 0.0084386014
45900 0.0084325459
45960 0.0084264905
46020 0.0084204351
46080 0.0084143796
46140 0.0084083242
46200 0.0084022688
46260 0.0083962133
46320 0.0083901579
46380 0.0083841025
46440 0.008378047
46500 0.0083719916
46560 0.0083659362
46620 0.0083598808
46680 0.0083538253
46740 0.0083477699
46800 0.0083417145
46860 0.008335659
46920 0.0083296036
46980 0.0083235482
47040 0.0083174927
47100 0.0083114373
47160 0.0083053819
47220 0.0082993264
47280 0.008293271
47340 0.0082872156
47400 0.0082811602
47460 0.0082751047
47520 0.0082690493
47580 0.0082629939
47640 0.0082569384
47700 0.008250883
47760 0.0082448276
47820 0.0082387721
47880 0.0082327167
47940 0.0082266613
48000 0.0082206058
48060 0.0082145504
48120 0.008208495
48180 0.0082024395
48240 0.0081963841
48300 0.0081903287
48360 0.0081842733
48420 0.0081782178
48480 0.0081721624
48540 0.008166107
48600 0.0081600515
48660 0.0081539961
48720 0.0081479407
48780 0.0081418852
48840 0.0081358298
48900 0.0081297744
48960 0.0081237189
49020 0.0081176635
49080 0.0081116081
49140 0.0081055527
49200 0.0080994972
49260 0.0080934418
49320 0.0080873864
49380 0.0080813309
49440 0.0080752755
49500 0.0080692201
49560 0.0080631646
49620 0.0080571092
49680 0.0080510538
49740 0.0080449983
49800 0.0080389429
49860 0.0080328875
49920 0.0080268321
49980 0.0080207766
50040 0.0080147212
50100 0.0080086658
50160 0.0080026103
50220 0.0079965549
50280 0.0079904995
50340 0.007984444
50400 0.0079783886
50460 0.0079723332
50520 0.0079662777
50580 0.0079602223
50640 0.0079541669
50700 0.0079481115
50760 0.007942056
50820 0.0079360006
50880 0.0079299452
50940 0.0079238897
51000 0.0079178343
51060 0.0079117789
51120 0.0079057234
51180 0.007899668
51240 0.0078936126
51300 0.0078875571
51360 0.0078815017
51420 0.0078754463
51480 0.0078693908
51540 0.0078633354
51600 0.00785728
51660 0.0078512246
51720 0.0078451691
51780 0.0078391137
51840 0.0078330583
51900 0.0078270028
51960 0.0078209474
52020 0.007814892
52080 0.0078088365
52140 0.0078027811
52200 0.0077967257
52260 0.0077906702
52320 0.0077846148
52380 0.0077785594
52440 0.007772504
52500 0.0077664485
52560 0.0077603931
52620 0.0077543377
52680 0.0077482822
52740 0.0077422268
52800 0.0077361714
52860 0.0077301159
52920 0.0077240605
52980 0.0077180051
53040 0.0077119496
53100 0.0077058942
53160 0.0076998388
53220 0.0076937834
53280 0.0076877279
53340 0.0076816725
53400 0.0076756171
53460 0.0076695616
53520 0.0076635062
53580 0.0076574508
53640 0.0076513953
53700 0.0076453399
53760 0.0076392845
53820 0.007633229
53880 0.0076271736
53940 0.0076211182
54000 0.0076150628
54060 0.0076090073
54120 0.0076029519
54180 0.0075968965
54240 0.007590841
54300 0.0075847856
54360 0.0075787302
54420 0.0075726747
54480 0.0075666193
54540 0.0075605639
54600 0.0075545084
54660 0.007548453
54720 0.0075423976
54780 0.0075363421
54840 0.0075302867
54900 0.0075242313
54960 0.0075181759
55020 0.0075121204
55080 0.007506065
55140 0.0075000096
55200 0.0074939541
55260 0.0074878987
55320 0.0074818433
55380 0.0074757878
55440 0.0074697324
55500 0.007463677
55560 0.0074576215
55620 0.0074515661
55680 0.0074455107
55740 0.0074394553
55800 0.0074333998
55860 0.0074273444
55920 0.007421289
55980 0.0074152335
56040 0.0074091781
56100 0.0074031227
56160 0.0073970672
56220 0.0073910118
56280 0.0073849564
56340 0.0073789009
56400 0.0073728455
56460 0.0073667901
56520 0.0073607347
56580 0.0073546792
56640 0.0073486238
56700 0.0073425684
56760 0.0073365129
56820 0.0073304575
56880 0.0073244021
56940 0.0073183466
57000 0.0073122912
57060 0.0073062358
57120 0.0073001803
57180 0.0072941249
57240 0.0072880695
57300 0.0072820141
57360 0.0072759586
57420 0.0072699032
57480 0.0072638478
57540 0.0072577923
57600 0.0072517369
57660 0.0072456815
57720 0.007239626
57780 0.0072335706
57840 0.0072275152
57900 0.0072214597
57960 0.0072154043
58020 0.0072093489
58080 0.0072032934
58140 0.007197238
58200 0.0071911826
58260 0.0071851272
58320 0.0071790717
58380 0.0071730163
58440 0.0071669609
58500 0.0071609054
58560 0.00715485
58620 0.0071487946
58680 0.0071427391
58740 0.0071366837
58800 0.0071306283
58860 0.0071245728
58920 0.0071185174
58980 0.007112462
59040 0.0071064066
59100 0.0071003511
59160 0.0070942957
59220 0.0070882403
59280 0.0070821848
59340 0.0070761294
59400 0.007070074
59460 0.0070640185
59520 0.0070579631
59580 0.0070519077
59640 0.0070458522
59700 0.0070397968
59760 0.0070337414
59820 0.007027686
59880 0.0070216305
59940 0.0070155751
60000 0.0070095197
60060 0.0070034642
60120 0.0069974088
60180 0.0069913534
60240 0.0069852979
60300 0.0069792425
60360 0.0069731871
60420 0.0069671316
60480 0.0069610762
60540 0.0069550208
60600 0.0069489654
60660 0.0069429099
60720 0.0069368545
60780 0.0069307991
60840 0.0069247436
60900 0.0069186882
60960 0.0069126328
61020 0.0069065773
61080 0.0069005219
61140 0.0068944665
61200 0.006888411
61260 0.0068823556
61320 0.0068763002
61380 0.0068702447
61440 0.0068641893
61500 0.0068581339
61560 0.0068520785
61620 0.006846023
61680 0.0068399676
61740 0.0068339122
61800 0.0068278567
61860 0.0068218013
61920 0.0068157459
61980 0.0068096904
62040 0.006803635
62100 0.0067975796
62160 0.0067915241
62220 0.0067854687
62280 0.0067794133
62340 0.0067733579
62400 0.0067673024
62460 0.006761247
62520 0.0067551916
62580 0.0067491361
62640 0.0067430807
62700 0.0067370253
62760 0.0067309698
62820 0.0067249144
62880 0.006718859
62940 0.0067128035
63000 0.0067067481
63060 0.0067006927
63120 0.0066946373
63180 0.0066885818
63240 0.0066825264
63300 0.006676471
63360 0.0066704155
63420 0.0066643601
63480 0.0066583047
63540 0.0066522492
63600 0.0066461938
63660 0.0066401384
63720 0.0066340829
63780 0.0066280275
63840 0.0066219721
63900 0.0066159167
63960 0.0066098612
64020 0.0066038058
64080 0.0065977504
64140 0.0065916949
64200 0.0065856395
64260 0.0065795841
64320 0.0065735286
64380 0.0065674732
64440 0.0065614178
64500 0.0065553623
64560 0.0065493069
64620 0.0065432515
64680 0.006537196
64740 0.0065311406
64800 0.0065250852
64860 0.0065190298
64920 0.0065129743
64980 0.0065069189
65040 0.0065008635
65100 0.006494808
65160 0.0064887526
65220 0.0064826972
65280 0.0064766417
65340 0.0064705863
65400 0.0064645309
65460 0.0064584754
65520 0.00645242
65580 0.0064463646
65640 0.0064403092
65700 0.0064342537
65760 0.0064281983
65820 0.0064221429
65880 0.0064160874
65940 0.006410032
66000 0.0064039766
66060 0.0063979211
66120 0.0063918657
66180 0.0063858103
66240 0.0063797548
66300 0.0063736994
66360 0.006367644
66420 0.0063615886
66480 0.0063555331
66540 0.0063494777
66600 0.0063434223
66660 0.0063373668
66720 0.0063313114
66780 0.006325256
66840 0.0063192005
66900 0.0063131451
66960 0.0063070897
67020 0.0063010342
67080 0.0062949788
67140 0.0062889234
67200 0.006282868
67260 0.0062768125
67320 0.0062707571
67380 0.0062647017
67440 0.0062586462
67500 0.0062525908
67560 0.0062465354
67620 0.0062404799
67680 0.0062344245
67740 0.0062283691
67800 0.0062223136
67860 0.0062162582
67920 0.0062102028
67980 0.0062041473
68040 0.0061980919
68100 0.0061920365
68160 0.0061859811
68220 0.0061799256
68280 0.0061738702
68340 0.0061678148
68400 0.0061617593
68460 0.0061557039
68520 0.0061496485
68580 0.006143593
68640 0.0061375376
68700 0.0061314822
68760 0.0061254267
68820 0.0061193713
68880 0.0061133159
68940 0.0061072605
69000 0.006101205
69060 0.0060951496
69120 0.0060890942
69180 0.0060830387
69240 0.0060769833
69300 0.0060709279
69360 0.0060648724
69420 0.006058817
69480 0.0060527616
69540 0.0060467061
69600 0.0060406507
69660 0.0060345953
69720 0.0060285399
69780 0.0060224844
69840 0.006016429
69900 0.0060103736
69960 0.0060043181
70020 0.0059982627
70080 0.0059922073
70140 0.0059861518
70200 0.0059800964
70260 0.005974041
70320 0.0059679855
70380 0.0059619301
70440 0.0059558747
70500 0.0059498193
70560 0.0059437638
70620 0.0059377084
70680 0.005931653
70740 0.0059255975
70800 0.0059195421
70860 0.0059134867
70920 0.0059074312
70980 0.0059013758
71040 0.0058953204
71100 0.0058892649
71160 0.0058832095
71220 0.0058771541
71280 0.0058710986
71340 0.0058650432
71400 0.0058589878
71460 0.0058529324
71520 0.0058468769
71580 0.0058408215
71640 0.0058347661
71700 0.0058287106
71760 0.0058226552
71820 0.0058165998
71880 0.0058105443
71940 0.0058044889
72000 0.0057984335
72060 0.005792378
72120 0.0057863226
72180 0.0057802672
72240 0.0057742118
72300 0.0057681563
72360 0.0057621009
72420 0.0057560455
72480 0.00574999
72540 0.0057439346
72600 0.0057378792
72660 0.0057318237
72720 0.0057257683
72780 0.0057197129
72840 0.0057136574
72900 0.005707602
72960 0.0057015466
73020 0.0056954912
73080 0.0056894357
73140 0.0056833803
73200 0.0056773249
73260 0.0056712694
73320 0.005665214
73380 0.0056591586
73440 0.0056531031
73500 0.0056470477
73560 0.0056409923
73620 0.0056349368
73680 0.0056288814
73740 0.005622826
73800 0.0056167706
73860 0.0056107151
73920 0.0056046597
73980 0.0055986043
74040 0.0055925488
74100 0.0055864934
74160 0.005580438
74220 0.0055743825
74280 0.0055683271
74340 0.0055622717
74400 0.0055562162
74460 0.0055501608
74520 0.0055441054
74580 0.0055380499
74640 0.0055319945
74700 0.0055259391
74760 0.0055198837
74820 0.0055138282
74880 0.0055077728
74940 0.0055017174
75000 0.0054956619
75060 0.0054896065
75120 0.0054835511
75180 0.0054774956
75240 0.0054714402
75300 0.0054653848
75360 0.0054593293
75420 0.0054532739
75480 0.0054472185
75540 0.0054411631
75600 0.0054351076
75660 0.0054290522
75720 0.0054229968
75780 0.0054169413
75840 0.0054108859
75900 0.0054048305
75960 0.005398775
76020 0.0053927196
76080 0.0053866642
76140 0.0053806087
76200 0.0053745533
76260 0.0053684979
76320 0.0053624425
76380 0.005356387
76440 0.0053503316
76500 0.0053442762
76560 0.0053382207
76620 0.0053321653
76680 0.0053261099
76740 0.0053200544
76800 0.005313999
76860 0.0053079436
76920 0.0053018881
76980 0.0052958327
77040 0.0052897773
77100 0.0052837219
77160 0.0052776664
77220 0.005271611
77280 0.0052655556
77340 0.0052595001
77400 0.0052534447
77460 0.0052473893
77520 0.0052413338
77580 0.0052352784
77640 0.005229223
77700 0.0052231675
77760 0.0052171121
77820 0.0052110567
77880 0.0052050012
77940 0.0051989458
78000 0.0051928904
78060 0.005186835
78120 0.0051807795
78180 0.0051747241
78240 0.0051686687
78300 0.0051626132
78360 0.0051565578
78420 0.0051505024
78480 0.0051444469
78540 0.0051383915
78600 0.0051323361
78660 0.0051262806
78720 0.0051202252
78780 0.0051141698
78840 0.0051081144
78900 0.0051020589
78960 0.0050960035
79020 0.0050899481
79080 0.0050838926
79140 0.0050778372
79200 0.0050717818
79260 0.0050657263
79320 0.0050596709
79380 0.0050536155
79440 0.00504756
79500 0.0050415046
79560 0.0050354492
79620 0.0050293938
79680 0.0050233383
79740 0.0050172829
79800 0.0050112275
79860 0.005005172
79920 0.0049991166
79980 0.0049930612
80040 0.0049870057
80100 0.0049809503
80160 0.0049748949
80220 0.0049688394
80280 0.004962784
80340 0.0049567286
80400 0.0049506732
80460 0.0049446177
80520 0.0049385623
80580 0.0049325069
80640 0.0049264514
80700 0.004920396
80760 0.0049143406
80820 0.0049082851
80880 0.0049022297
80940 0.0048961743
81000 0.0048901188
81060 0.0048840634
81120 0.004878008
81180 0.0048719525
81240 0.0048658971
81300 0.0048598417
81360 0.0048537863
81420 0.0048477308
81480 0.0048416754
81540 0.00483562
81600 0.0048295645
81660 0.0048235091
81720 0.0048174537
81780 0.0048113982
81840 0.0048053428
81900 0.0047992874
81960 0.0047932319
82020 0.0047871765
82080 0.0047811211
82140 0.0047750657
82200 0.0047690102
82260 0.0047629548
82320 0.0047568994
82380 0.0047508439
82440 0.0047447885
82500 0.0047387331
82560 0.0047326776
82620 0.0047266222
82680 0.0047205668
82740 0.0047145113
82800 0.0047084559
82860 0.0047024005
82920 0.0046963451
82980 0.0046902896
83040 0.0046842342
83100 0.0046781788
83160 0.0046721233
83220 0.0046660679
83280 0.0046600125
83340 0.004653957
83400 0.0046479016
83460 0.0046418462
83520 0.0046357907
83580 0.0046297353
83640 0.0046236799
83700 0.0046176245
83760 0.004611569
83820 0.0046055136
83880 0.0045994582
83940 0.0045934027
84000 0.0045873473
84060 0.0045812919
84120 0.0045752364
84180 0.004569181
84240 0.0045631256
84300 0.0045570701
84360 0.0045510147
84420 0.0045449593
84480 0.0045389038
84540 0.0045328484
84600 0.004526793
84660 0.0045207376
84720 0.0045146821
84780 0.0045086267
84840 0.0045025713
84900 0.0044965158
84960 0.0044904604
85020 0.004484405
85080 0.0044783495
85140 0.0044722941
85200 0.0044662387
85260 0.0044601832
85320 0.0044541278
85380 0.0044480724
85440 0.004442017
85500 0.0044359615
85560 0.0044299061
85620 0.0044238507
85680 0.0044177952
85740 0.0044117398
85800 0.0044056844
85860 0.0043996289
85920 0.0043935735
85980 0.0043875181
86040 0.0043814626
86100 0.0043754072
86160 0.0043693518
86220 0.0043632964
86280 0.0043572409
86340 0.0043511855
86400 0.0043451301
86460 0.0043390746
86520 0.0043330192
86580 0.0043269638
86640 0.0043209083
86700 0.0043148529
86760 0.0043087975
86820 0.004302742
86880 0.0042966866
86940 0.0042906312
87000 0.0042845758
87060 0.0042785203
87120 0.0042724649
87180 0.0042664095
87240 0.004260354
87300 0.0042542986
87360 0.0042482432
87420 0.0042421877
87480 0.0042361323
87540 0.0042300769
87600 0.0042240214
87660 0.004217966
87720 0.0042119106
87780 0.0042058551
87840 0.0041997997
87900 0.0041937443
87960 0.0041876889
88020 0.0041816334
88080 0.004175578
88140 0.0041695226
88200 0.0041634671
88260 0.0041574117
88320 0.0041513563
88380 0.0041453008
88440 0.0041392454
88500 0.00413319
88560 0.0041271345
88620 0.0041210791
88680 0.0041150237
88740 0.0041089683
88800 0.0041029128
88860 0.0040968574
88920 0.004090802
88980 0.0040847465
89040 0.0040786911
89100 0.0040726357
89160 0.0040665802
89220 0.0040605248
89280 0.0040544694
89340 0.0040484139
89400 0.0040423585
89460 0.0040363031
89520 0.0040302477
89580 0.0040241922
89640 0.0040181368
89700 0.0040120814
89760 0.0040060259
89820 0.0039999705
89880 0.0039939151
89940 0.0039878596
90000 0.0039818042
90060 0.0039757488
90120 0.0039696933
90180 0.0039636379
90240 0.0039575825
90300 0.0039515271
90360 0.0039454716
90420 0.0039394162
90480 0.0039333608
90540 0.0039273053
90600 0.0039212499
90660 0.0039151945
90720 0.003909139
90780 0.0039030836
90840 0.0038970282
90900 0.0038909727
90960 0.0038849173
91020 0.0038788619
91080 0.0038728064
91140 0.003866751
91200 0.0038606956
91260 0.0038546402
91320 0.0038485847
91380 0.0038425293
91440 0.0038364739
91500 0.0038304184
91560 0.003824363
91620 0.0038183076
91680 0.0038122521
91740 0.0038061967
91800 0.0038008186
91860 0.003797475
91920 0.0037941315
91980 0.003790788
92040 0.0037874445
92100 0.003784101
92160 0.0037807574
92220 0.0037774139
92280 0.0037740704
92340 0.0037707269
92400 0.0037673833
92460 0.0037640398
92520 0.0037606963
92580 0.0037573528
92640 0.0037540093
92700 0.0037506657
92760 0.0037473222
92820 0.0037439787
92880 0.0037406352
92940 0.0037372916
93000 0.0037339481
93060 0.0037306046
93120 0.0037272611
93180 0.0037239175
93240 0.003720574
93300 0.0037172305
93360 0.003713887
93420 0.0037105435
93480 0.0037071999
93540 0.0037038564
93600 0.0037005129
93660 0.0036971694
93720 0.0036938258
93780 0.0036904823
93840 0.0036871388
93900 0.0036837953
93960 0.0036804518
94020 0.0036771082
94080 0.0036737647
94140 0.0036704212
94200 0.0036670777
94260 0.0036637341
94320 0.0036603906
94380 0.0036570471
94440 0.0036537036
94500 0.00365036
94560 0.0036470165
94620 0.003643673
94680 0.0036403295
94740 0.003636986
94800 0.0036336424
94860 0.0036302989
94920 0.0036269554
94980 0.0036236119
95040 0.0036202683
95100 0.0036169248
95160 0.0036135813
95220 0.0036102378
95280 0.0036068943
95340 0.0036035507
95400 0.0036002072
95460 0.0035968637
95520 0.0035935202
95580 0.0035901766
95640 0.0035868331
95700 0.0035834896
95760 0.0035801461
95820 0.0035768026
95880 0.003573459
95940 0.0035701155
96000 0.003566772
96060 0.0035634285
96120 0.0035600849
96180 0.0035567414
96240 0.0035533979
96300 0.0035500544
96360 0.0035467108
96420 0.0035433673
96480 0.0035400238
96540 0.0035366803
96600 0.0035333368
96660 0.0035299932
96720 0.0035266497
96780 0.0035233062
96840 0.0035199627
96900 0.0035166191
96960 0.0035132756
97020 0.0035099321
97080 0.0035065886
97140 0.0035032451
97200 0.0034999015
97260 0.003496558
97320 0.0034932145
97380 0.003489871
97440 0.0034865274
97500 0.0034831839
97560 0.0034798404
97620 0.0034764969
97680 0.0034731533
97740 0.0034698098
97800 0.0034664663
97860 0.0034631228
97920 0.0034597793
97980 0.0034564357
98040 0.0034530922
98100 0.0034497487
98160 0.0034464052
98220 0.0034430616
98280 0.0034397181
98340 0.0034363746
98400 0.0034330311
98460 0.0034296876
98520 0.003426344
98580 0.0034230005
98640 0.003419657
98700 0.0034163135
98760 0.0034129699
98820 0.0034096264
98880 0.0034062829
98940 0.0034029394
99000 0.0033995958
99060 0.0033962523
99120 0.0033929088
99180 0.0033895653
99240 0.0033862218
99300 0.0033828782
99360 0.0033795347
99420 0.0033761912
99480 0.0033728477
99540 0.0033695041
99600 0.0033661606
99660 0.0033628171
99720 0.0033594736
99780 0.0033561301
99840 0.0033527865
99900 0.003349443
99960 0.0033460995
100020 0.003342756
100080 0.0033394124
100140 0.0033360689
100200 0.0033327254
100260 0.0033293819
100320 0.0033260384
100380 0.0033227741
100440 0.0033198007
100500 0.0033168274
100560 0.0033138541
100620 0.0033108807
100680 0.0033079074
100740 0.003304934
100800 0.0033019607
100860 0.0032989874
100920 0.003296014
100980 0.0032930407
101040 0.0032900674
101100 0.003287094
101160 0.0032841207
101220 0.0032811473
101280 0.003278174
101340 0.0032752007
101400 0.0032722273
101460 0.003269254
101520 0.0032662806
101580 0.0032633073
101640 0.003260334
101700 0.0032573606
101760 0.0032543873
101820 0.0032514139
101880 0.0032484406
101940 0.0032454673
102000 0.0032424939
102060 0.0032395206
102120 0.0032365473
102180 0.0032335739
102240 0.0032306006
102300 0.0032276272
102360 0.0032246539
102420 0.0032216806
102480 0.0032187072
102540 0.0032157339
102600 0.0032127605
102660 0.0032097872
102720 0.0032068139
102780 0.0032038405
102840 0.0032008672
102900 0.0031978938
102960 0.0031949205
103020 0.0031919472
103080 0.0031889738
103140 0.0031860005
103200 0.0031830272
103260 0.0031800538
103320 0.0031770805
103380 0.0031741071
103440 0.0031711338
103500 0.0031681605
103560 0.0031651871
103620 0.0031622138
103680 0.0031592404
103740 0.0031562671
103800 0.0031532938
103860 0.0031503204
103920 0.0031473471
103980 0.0031443737
104040 0.0031414004
104100 0.0031384271
104160 0.0031354537
104220 0.0031324804
104280 0.003129507
104340 0.0031265337
104400 0.0031235604
104460 0.003120587
104520 0.0031176137
104580 0.0031146404
104640 0.003111667
104700 0.0031086937
104760 0.0031057203
104820 0.003102747
104880 0.0030997737
104940 0.0030968003
105000 0.003093827
105060 0.0030908536
105120 0.0030878803
105180 0.003084907
105240 0.0030819336
105300 0.0030789603
105360 0.0030759869
105420 0.0030730136
105480 0.0030700403
105540 0.0030670669
105600 0.0030640936
105660 0.0030611203
105720 0.0030581469
105780 0.0030551736
105840 0.0030522002
105900 0.0030492269
105960 0.0030462536
106020 0.0030432802
106080 0.0030403069
106140 0.0030373335
106200 0.0030343602
106260 0.0030313869
106320 0.0030284135
106380 0.0030254402
106440 0.0030224668
106500 0.0030194935
106560 0.0030165202
106620 0.0030135468
106680 0.0030105735
106740 0.0030076001
106800 0.0030046268
106860 0.0030016535
106920 0.0029986801
106980 0.0029957068
107040 0.0029927335
107100 0.0029897601
107160 0.0029867868
107220 0.0029838134
107280 0.0029808401
107340 0.0029778668
107400 0.0029748934
107460 0.0029719201
107520 0.0029689467
107580 0.0029659734
107640 0.0029630001
107700 0.0029600267
107760 0.0029570534
107820 0.00295408
107880 0.0029511067
107940 0.0029481334
108000 0.00294516
108060 0.0029421867
108120 0.0029392134
108180 0.00293624
108240 0.0029332667
108300 0.0029302933
108360 0.00292732
108420 0.0029243467
108480 0.0029213733
108540 0.0029184
108600 0.0029154266
108660 0.0029124533
108720 0.00290948
108780 0.0029065066
108840 0.0029035333
108900 0.0029005599
108960 0.0028975866
109020 0.0028946133
109080 0.0028916399
109140 0.0028886666
109200 0.0028856932
109260 0.0028827199
109320 0.0028797466
109380 0.0028767732
109440 0.0028737999
109500 0.0028708266
109560 0.0028678532
109620 0.0028648799
109680 0.0028619065
109740 0.0028589332
109800 0.0028559599
109860 0.0028529865
109920 0.0028500132
109980 0.0028470398
110040 0.0028440665
110100 0.0028410932
110160 0.0028381198
110220 0.0028351465
110280 0.0028321731
110340 0.0028291998
110400 0.0028262265
110460 0.0028232531
110520 0.0028203199
110580 0.00281758
110640 0.00281484
110700 0.0028121001
110760 0.0028093601
110820 0.0028066202
110880 0.0028038802
110940 0.0028011402
111000 0.0027984003
111060 0.0027956603
111120 0.0027929204
111180 0.0027901804
111240 0.0027874405
111300 0.0027847005
111360 0.0027819606
111420 0.0027792206
111480 0.0027764806
111540 0.0027737407
111600 0.0027710007
111660 0.0027682608
111720 0.0027655208
111780 0.0027627809
111840 0.0027600409
111900 0.002757301
111960 0.002754561
112020 0.0027518211
112080 0.0027490811
112140 0.0027463411
112200 0.0027436012
112260 0.0027408612
112320 0.0027381213
112380 0.0027353813
112440 0.0027326414
112500 0.0027299014
112560 0.0027271615
112620 0.0027244215
112680 0.0027216816
112740 0.0027189416
112800 0.0027162016
112860 0.0027134617
112920 0.0027107217
112980 0.0027079818
113040 0.0027052418
113100 0.0027025019
113160 0.0026997619
113220 0.002697022
113280 0.002694282
113340 0.002691542
113400 0.0026888021
113460 0.0026860621
113520 0.0026833222
113580 0.0026805822
113640 0.0026778423
113700 0.0026751023
113760 0.0026723624
113820 0.0026696224
113880 0.0026668825
113940 0.0026641425
114000 0.0026614025
114060 0.0026586626
114120 0.0026559226
114180 0.0026531827
114240 0.0026504427
114300 0.0026477028
114360 0.0026449628
114420 0.0026422229
114480 0.0026394829
114540 0.0026367429
114600 0.002634003
114660 0.002631263
114720 0.0026285231
114780 0.0026257831
114840 0.0026230432
114900 0.0026203032
114960 0.0026175633
115020 0.0026148233
115080 0.0026120834
115140 0.0026093434
115200 0.0026066034
115260 0.0026038635
115320 0.0026011235
115380 0.0025983836
115440 0.0025956436
115500 0.0025929037
115560 0.0025901637
115620 0.0025874238
115680 0.0025846838
115740 0.0025819439
115800 0.0025792039
115860 0.0025764639
115920 0.002573724
115980 0.002570984
116040 0.0025682441
116100 0.0025655041
116160 0.0025627642
116220 0.0025600242
116280 0.0025572843
116340 0.0025545443
116400 0.0025518043
116460 0.0025490644
116520 0.0025463244
116580 0.0025435845
116640 0.0025408445
116700 0.0025381046
116760 0.0025353646
116820 0.0025326247
116880 0.0025298847
116940 0.0025271448
117000 0.0025244048
117060 0.0025216648
117120 0.0025189249
117180 0.0025161849
117240 0.002513445
117300 0.002510705
117360 0.0025079651
117420 0.0025052251
117480 0.0025024852
117540 0.0024997452
117600 0.0024970053
117660 0.0024942653
117720 0.0024915253
117780 0.0024887854
117840 0.0024860454
117900 0.0024833055
117960 0.0024805655
118020 0.0024778256
118080 0.0024750856
118140 0.0024723457
118200 0.0024696057
118260 0.0024668657
118320 0.0024641258
118380 0.0024613858
118440 0.0024586459
118500 0.0024559059
118560 0.002453166
118620 0.002450426
118680 0.0024476861
118740 0.0024449461
118800 0.0024422062
118860 0.0024394662
118920 0.0024367262
118980 0.0024339863
119040 0.0024312463
119100 0.0024285064
119160 0.0024257664
119220 0.0024230265
119280 0.0024202865
119340 0.0024175466
119400 0.0024148066
119460 0.0024120667
119520 0.0024093267
119580 0.0024065867
119640 0.0024038468
119700 0.0024011068
119760 0.0023983669
119820 0.0023956269
119880 0.002392887
119940 0.002390147
120000 0.0023874071
120060 0.0023846671
120120 0.0023819271
120180 0.0023791872
120240 0.0023768215
120300 0.0023744799
120360 0.0023721382
120420 0.0023697966
120480 0.002367455
120540 0.0023651134
120600 0.0023627718
120660 0.0023604302
120720 0.0023580886
120780 0.002355747
120840 0.0023534054
120900 0.0023510638
120960 0.0023487221
121020 0.0023463805
121080 0.0023440389
121140 0.0023416973
121200 0.0023393557
121260 0.0023370141
121320 0.0023346725
121380 0.0023323309
121440 0.0023299893
121500 0.0023276477
121560 0.002325306
121620 0.0023229644
121680 0.0023206228
121740 0.0023182812
121800 0.0023159396
121860 0.002313598
121920 0.0023112564
121980 0.0023089148
122040 0.0023065732
122100 0.0023042316
122160 0.00230189
122220 0.0022995483
122280 0.0022972067
122340 0.0022948651
122400 0.0022925235
122460 0.0022901819
122520 0.0022878403
122580 0.0022854987
122640 0.0022831571
122700 0.0022808155
122760 0.0022784739
122820 0.0022761322
122880 0.0022737906
122940 0.002271449
123000 0.0022691074
123060 0.0022667658
123120 0.0022644242
123180 0.0022620826
123240 0.002259741
123300 0.0022573994
123360 0.0022550578
123420 0.0022527162
123480 0.0022503745
123540 0.0022480329
123600 0.0022456913
123660 0.0022433497
123720 0.0022410081
123780 0.0022386665
123840 0.0022363249
123900 0.0022339833
123960 0.0022316417
124020 0.0022293001
124080 0.0022269584
124140 0.0022246168
124200 0.0022222752
124260 0.0022199336
124320 0.002217592
124380 0.0022152504
124440 0.0022129088
124500 0.0022105672
124560 0.0022082256
124620 0.002205884
124680 0.0022035424
124740 0.0022012007
124800 0.0021988591
124860 0.0021965175
124920 0.0021941759
124980 0.0021918343
125040 0.0021894927
125100 0.0021871511
125160 0.0021848095
125220 0.0021824679
125280 0.0021801263
125340 0.0021777846
125400 0.002175443
125460 0.0021731014
125520 0.0021707598
125580 0.0021684182
125640 0.0021660766
125700 0.002163735
125760 0.0021613934
125820 0.0021590518
125880 0.0021567102
125940 0.0021543686
126000 0.0021520269
126060 0.0021496853
126120 0.0021473437
126180 0.0021450021
126240 0.0021426605
126300 0.0021403189
126360 0.0021379773
126420 0.0021356357
126480 0.0021332941
126540 0.0021309525
126600 0.0021286108
126660 0.0021262692
126720 0.0021239276
126780 0.002121586
126840 0.0021192444
126900 0.0021169028
126960 0.0021145612
127020 0.0021122196
127080 0.002109878
127140 0.0021075364
127200 0.0021051948
127260 0.0021028531
127320 0.0021005115
127380 0.0020981699
127440 0.0020958283
127500 0.0020934867
127560 0.0020911451
127620 0.0020888035
127680 0.0020864619
127740 0.0020841203
127800 0.0020817787
127860 0.002079437
127920 0.0020770954
127980 0.0020747538
128040 0.0020724122
128100 0.0020700706
128160 0.002067729
128220 0.0020653874
128280 0.0020630458
128340 0.0020607042
128400 0.0020583626
128460 0.0020560209
128520 0.0020536793
128580 0.0020513377
128640 0.0020489961
128700 0.0020466545
128760 0.0020443129
128820 0.0020419713
128880 0.0020396297
128940 0.0020372881
129000 0.0020349465
129060 0.0020326049
129120 0.0020302632
129180 0.0020279216
129240 0.00202558
129300 0.0020232384
129360 0.0020208968
129420 0.0020185552
129480 0.0020162136
129540 0.002013872
129600 0.0020115304
129660 0.0020091888
129720 0.0020068471
129780 0.0020045055
129840 0.0020021639
129900 0.0019998223
129960 0.0019974807
130020 0.0019951391
130080 0.0019927975
130140 0.0019904559
130200 0.0019881143
130260 0.0019857727
130320 0.0019834311
130380 0.0019810894
130440 0.0019787478
130500 0.0019764062
130560 0.0019740646
130620 0.001971723
130680 0.0019693814
130740 0.0019670398
130800 0.0019646982
130860 0.0019623566
130920 0.001960015
130980 0.0019576733
131040 0.0019553317
131100 0.0019529901
131160 0.0019506485
131220 0.0019483069
131280 0.0019459653
131340 0.0019436237
131400 0.0019412821
131460 0.0019389405
131520 0.0019365989
131580 0.0019342573
131640 0.0019319156
131700 0.001929574
131760 0.0019272324
131820 0.0019248908
131880 0.0019225492
131940 0.0019202076
132000 0.001917866
132060 0.0019155244
132120 0.0019131828
132180 0.0019108412
132240 0.0019084995
132300 0.0019061579
132360 0.0019038163
132420 0.0019014747
132480 0.0018991331
132540 0.0018967915
132600 0.0018944499
132660 0.0018921083
132720 0.0018897667
132780 0.0018874251
132840 0.0018850835
132900 0.0018827418
132960 0.0018804002
133020 0.0018782189
133080 0.0018761084
133140 0.0018739978
133200 0.0018718872
133260 0.0018697766
133320 0.001867666
133380 0.0018655554
133440 0.0018634448
133500 0.0018613343
133560 0.0018592237
133620 0.0018571131
133680 0.0018550025
133740 0.0018528919
133800 0.0018507813
133860 0.0018486708
133920 0.0018465602
133980 0.0018444496
134040 0.001842339
134100 0.0018402284
134160 0.0018381178
134220 0.0018360072
134280 0.0018338967
134340 0.0018317861
134400 0.0018296755
134460 0.0018275649
134520 0.0018254543
134580 0.0018233437
134640 0.0018212331
134700 0.0018191226
134760 0.001817012
134820 0.0018149014
134880 0.0018127908
134940 0.0018106802
135000 0.0018085696
135060 0.0018064591
135120 0.0018043485
135180 0.0018022379
135240 0.0018001273
135300 0.0017980167
135360 0.0017959061
135420 0.0017937955
135480 0.001791685
135540 0.0017895744
135600 0.0017874638
135660 0.0017853532
135720 0.0017832426
135780 0.001781132
135840 0.0017790214
135900 0.0017769109
135960 0.0017748003
136020 0.0017726897
136080 0.0017705791
136140 0.0017684685
136200 0.0017663579
136260 0.0017642474
136320 0.0017621368
136380 0.0017600262
136440 0.0017579156
136500 0.001755805
136560 0.0017536944
136620 0.0017515838
136680 0.0017494733
136740 0.0017473627
136800 0.0017452521
136860 0.0017431415
136920 0.0017410309
136980 0.0017389203
137040 0.0017368097
137100 0.0017346992
137160 0.0017325886
137220 0.001730478
137280 0.0017283674
137340 0.0017262568
137400 0.0017241462
137460 0.0017220357
137520 0.0017199251
137580 0.0017178145
137640 0.0017157039
137700 0.0017135933
137760 0.0017114827
137820 0.0017093721
137880 0.0017072616
137940 0.001705151
138000 0.0017030404
138060 0.0017009298
138120 0.0016988192
138180 0.0016967086
138240 0.001694598
138300 0.0016924875
138360 0.0016903769
138420 0.0016882663
138480 0.0016861557
138540 0.0016840451
138600 0.0016819345
138660 0.001679824
138720 0.0016777134
138780 0.0016756028
138840 0.0016734922
138900 0.0016713816
138960 0.001669271
139020 0.0016671604
139080 0.0016650499
139140 0.0016629393
139200 0.0016608287
139260 0.0016587181
139320 0.0016566075
139380 0.0016544969
139440 0.0016523863
139500 0.0016502758
139560 0.0016481652
139620 0.0016460546
139680 0.001643944
139740 0.0016418334
139800 0.0016397228
139860 0.0016376123
139920 0.0016355017
139980 0.0016333911
140040 0.0016312805
140100 0.0016291699
140160 0.0016270593
140220 0.0016249487
140280 0.0016228382
140340 0.0016207276
140400 0.001618617
140460 0.0016165064
140520 0.0016143958
140580 0.0016122852
140640 0.0016101746
140700 0.0016080641
140760 0.0016059535
140820 0.0016038429
140880 0.0016017323
140940 0.0015996217
141000 0.0015975111
141060 0.0015954006
141120 0.00159329
141180 0.0015911794
141240 0.0015890688
141300 0.0015869582
141360 0.0015848476
141420 0.001582737
141480 0.0015806265
141540 0.0015785159
141600 0.0015764053
141660 0.0015742947
141720 0.0015721841
141780 0.0015700735
141840 0.0015679629
141900 0.0015658524
141960 0.0015637418
142020 0.0015616312
142080 0.0015595206
142140 0.00155741
142200 0.0015552994
142260 0.0015531889
142320 0.0015510783
142380 0.0015489677
142440 0.0015468571
142500 0.0015447465
142560 0.0015426359
142620 0.0015405253
142680 0.0015384148
142740 0.0015363042
142800 0.0015341936
142860 0.001532083
142920 0.0015299724
142980 0.0015278618
143040 0.0015257513
143100 0.0015236407
143160 0.0015215301
143220 0.0015194195
143280 0.0015173089
143340 0.0015151983
143400 0.0015130877
143460 0.0015109772
143520 0.0015088666
143580 0.001506756
143640 0.0015046454
143700 0.0015025348
143760 0.0015004242
143820 0.0014983136
143880 0.0014962031
143940 0.0014940925
144000 0.0014919819
144060 0.0014898713
144120 0.0014877607
144180 0.0014856501
144240 0.0014835396
144300 0.001481429
144360 0.0014793184
144420 0.0014772078
144480 0.0014750972
144540 0.0014729866
144600 0.001470876
144660 0.0014687655
144720 0.0014666549
144780 0.0014645443
144840 0.0014624337
144900 0.0014603231
144960 0.0014582125
145020 0.0014561019
145080 0.0014539914
145140 0.0014518808
145200 0.0014497702
145260 0.0014476596
145320 0.001445549
145380 0.0014434384
145440 0.0014413279
145500 0.0014392173
145560 0.0014371067
145620 0.0014350453
145680 0.0014336992
145740 0.0014323531
145800 0.001431007
145860 0.0014296608
145920 0.0014283147
145980 0.0014269686
146040 0.0014256225
146100 0.0014242764
146160 0.0014229302
146220 0.0014215841
146280 0.001420238
146340 0.0014188919
146400 0.0014175457
146460 0.0014161996
146520 0.0014148535
146580 0.0014135074
146640 0.0014121613
146700 0.0014108151
146760 0.001409469
146820 0.0014081229
146880 0.0014067768
146940 0.0014054306
147000 0.0014040845
147060 0.0014027384
147120 0.0014013923
147180 0.0014000462
147240 0.0013987
147300 0.0013973539
147360 0.0013960078
147420 0.0013946617
147480 0.0013933155
147540 0.0013919694
147600 0.0013906233
147660 0.0013892772
147720 0.0013879311
147780 0.0013865849
147840 0.0013852388
147900 0.0013838927
147960 0.0013825466
148020 0.0013812004
148080 0.0013798543
148140 0.0013785082
148200 0.0013771621
148260 0.001375816
148320 0.0013744698
148380 0.0013731237
148440 0.0013717776
148500 0.0013704315
148560 0.0013690853
148620 0.0013677392
148680 0.0013663931
148740 0.001365047
148800 0.0013637009
148860 0.0013623547
148920 0.0013610086
148980 0.0013596625
149040 0.0013583164
149100 0.0013569702
149160 0.0013556241
149220 0.001354278
149280 0.0013529319
149340 0.0013515858
149400 0.0013502396
149460 0.0013488935
149520 0.0013475474
149580 0.0013462013
149640 0.0013448551
149700 0.001343509
149760 0.0013421629
149820 0.0013408168
149880 0.0013394707
149940 0.0013381245
150000 0.0013367784
150060 0.0013354323
150120 0.0013340862
150180 0.00133274
150240 0.0013313939
150300 0.0013300478
150360 0.0013287017
150420 0.0013273556
150480 0.0013260094
150540 0.0013246633
150600 0.0013233172
150660 0.0013219711
150720 0.0013206249
150780 0.0013192788
150840 0.0013179327
150900 0.0013165866
150960 0.0013152405
151020 0.0013138943
151080 0.0013125482
151140 0.0013112021
151200 0.001309856
151260 0.0013085099
151320 0.0013071637
151380 0.0013058176
151440 0.0013044715
151500 0.0013031254
151560 0.0013017792
151620 0.0013004331
151680 0.001299087
151740 0.0012977409
151800 0.0012963948
151860 0.0012950486
151920 0.0012937025
151980 0.0012923564
152040 0.0012910103
152100 0.0012896641
152160 0.001288318
152220 0.0012869719
152280 0.0012856258
152340 0.0012842797
152400 0.0012829335
152460 0.0012815874
152520 0.0012802413
152580 0.0012788952
152640 0.001277549
152700 0.0012762029
152760 0.0012748568
152820 0.0012735107
152880 0.0012721646
152940 0.0012708184
153000 0.0012694723
153060 0.0012681262
153120 0.0012667801
153180 0.0012654339
153240 0.0012640878
153300 0.0012627417
153360 0.0012613956
153420 0.0012600495
153480 0.0012587033
153540 0.0012573572
153600 0.0012560111
153660 0.001254665
153720 0.0012533188
153780 0.0012519727
153840 0.0012506266
153900 0.0012492805
153960 0.0012479344
154020 0.0012465882
154080 0.0012452421
154140 0.001243896
154200 0.0012425499
154260 0.0012412037
154320 0.0012398576
154380 0.0012385115
154440 0.0012371654
154500 0.0012358193
154560 0.0012344731
154620 0.001233127
154680 0.0012317809
154740 0.0012304348
154800 0.0012290886
154860 0.0012277425
154920 0.0012263964
154980 0.0012250503
155040 0.0012237042
155100 0.001222358
155160 0.0012210119
155220 0.0012196658
155280 0.0012183197
155340 0.0012169735
155400 0.0012156274
155460 0.0012142813
155520 0.0012129352
155580 0.0012115891
155640 0.0012102429
155700 0.0012088968
155760 0.0012075507
155820 0.0012062046
155880 0.0012048584
155940 0.0012035123
156000 0.0012021662
156060 0.0012008201
156120 0.001199474
156180 0.0011981278
156240 0.0011967817
156300 0.0011954356
156360 0.0011940895
156420 0.0011927433
156480 0.0011913972
156540 0.0011900511
156600 0.001188705
156660 0.0011873589
156720 0.0011860127
156780 0.0011846666
156840 0.0011833205
156900 0.0011819744
156960 0.0011806282
157020 0.0011792821
157080 0.001177936
157140 0.0011765899
157200 0.0011752438
157260 0.0011738976
157320 0.0011725515
157380 0.0011712054
157440 0.0011698593
157500 0.0011685131
157560 0.001167167
157620 0.0011658209
157740 0.0011631287
157800 0.0011617825
157860 0.0011604364
157920 0.0011590903
157980 0.0011577442
158040 0.001156398
158100 0.0011550519
158160 0.0011537058
158220 0.0011523597
158280 0.0011510136
158340 0.0011496674
158400 0.0011483213
158460 0.0011469752
158520 0.0011456291
158580 0.0011442829
158640 0.0011429368
158700 0.0011415907
158760 0.0011402446
158820 0.0011388985
158880 0.0011375523
158940 0.0011362062
159000 0.0011348601
159060 0.001133514
159120 0.0011321678
159180 0.0011308217
159240 0.0011294756
159300 0.0011281295
159360 0.0011267834
159420 0.0011254372
159480 0.0011240911
159540 0.001122745
159600 0.0011213989
159660 0.0011200527
159720 0.0011187066
159780 0.0011173605
159840 0.0011160144
159900 0.0011146683
159960 0.0011133221
160020 0.001111976
160080 0.0011106299
160140 0.0011092838
160200 0.0011079376
160260 0.0011065915
160320 0.0011052454
160380 0.0011038993
160440 0.0011025532
160500 0.001101207
160560 0.0010998609
160620 0.0010985148
160680 0.0010971687
160740 0.0010958225
160800 0.0010944764
160860 0.0010931303
160920 0.0010917842
160980 0.0010904381
161040 0.0010890919
161100 0.0010877458
161160 0.0010863997
161220 0.0010850536
161280 0.0010837074
161340 0.0010823613
161400 0.0010810152
161460 0.0010796691
161520 0.001078323
161580 0.0010769768
161640 0.0010756307
161700 0.0010742846
161760 0.0010729385
161820 0.0010715923
161880 0.0010702462
161940 0.0010689001
162000 0.001067554
162060 0.0010662079
162120 0.0010648617
162180 0.0010635156
162240 0.0010621695
162300 0.0010608234
162360 0.0010594772
162420 0.0010581311
162480 0.001056785
162540 0.0010554389
162600 0.0010540928
162660 0.0010527466
162720 0.0010514005
162780 0.0010500544
162840 0.0010487083
162900 0.0010473621
162960 0.001046016
163020 0.0010446699
163080 0.0010433238
163140 0.0010419777
163200 0.0010406315
163260 0.0010392854
163320 0.0010379393
163380 0.0010365932
163440 0.001035247
163500 0.0010339009
163560 0.0010325548
163620 0.0010312087
163680 0.0010298626
163740 0.0010285164
163800 0.0010271703
163860 0.0010258242
163920 0.0010244781
163980 0.0010231319
164040 0.0010217858
164100 0.0010204397
164160 0.0010190936
164220 0.0010177475
164280 0.0010164013
164340 0.0010150552
164400 0.0010137091
164460 0.001012363
164520 0.0010110168
164580 0.0010096707
164640 0.0010083246
164700 0.0010069785
164760 0.0010056324
164820 0.0010042862
164880 0.0010029401
164940 0.001001594
165000 0.0010002479
165060 0.0009989017
165120 0.0009975556
165180 0.0009962095
165240 0.0009948634
165300 0.0009935173
165360 0.0009921711
165420 0.000990825
165480 0.0009894789
165540 0.0009881328
165600 0.0009867865999999999
165660 0.0009854405
165720 0.0009840944
165780 0.0009829159
165840 0.0009818848
165900 0.0009808537
165960 0.0009798225
166020 0.0009787914
166080 0.0009777603
166140 0.0009767291
166200 0.000975698
166260 0.0009746669
166320 0.0009736357
166380 0.0009726046
166440 0.0009715735
166500 0.0009705423
166560 0.0009695112
166620 0.00096848
166680 0.0009674489
166740 0.0009664178
166800 0.0009653866
166860 0.0009643555
166920 0.0009633244
166980 0.0009622932
167040 0.0009612621
167100 0.000960231
167160 0.0009591998
167220 0.0009581687
167280 0.0009571376
167340 0.0009561064
167400 0.0009550753
167460 0.0009540442
167520 0.000953013
167580 0.0009519819
167640 0.0009509507
167700 0.0009499196
167760 0.0009488885
167820 0.0009478573
167880 0.0009468262
167940 0.0009457951
168000 0.0009447639
168060 0.0009437328
168120 0.0009427017
168180 0.0009416705
168240 0.0009406394
168300 0.0009396083
168360 0.0009385771
168420 0.000937546
168480 0.0009365148
168540 0.0009354837
168600 0.0009344526
168660 0.0009334214
168720 0.0009323903
168780 0.0009313592
168840 0.000930328
168900 0.0009292969
168960 0.0009282658
169020 0.0009272346
169080 0.0009262035
169140 0.0009251724
169200 0.0009241412
169260 0.0009231101
169320 0.0009220789
169380 0.0009210478
169440 0.0009200167
169500 0.0009189855
169560 0.0009179544
169620 0.0009169233
169680 0.0009158921
169740 0.000914861
169800 0.0009138299
169860 0.0009127987
169920 0.0009117676
169980 0.0009107365
170040 0.0009097053
170100 0.0009086742
170160 0.0009076431
170220 0.0009066119
170280 0.0009055808
170340 0.0009045496
170400 0.0009035185
170460 0.0009024874
170520 0.0009014562
170580 0.0009004251
170640 0.000899394
170700 0.0008983628
170760 0.0008973317
170820 0.0008963006
170880 0.0008952694
170940 0.0008942383
171000 0.0008932072
171060 0.000892176
171120 0.0008911449
171180 0.0008901137
171240 0.0008890826
171300 0.0008880515
171360 0.0008870203
171420 0.0008859892
171480 0.0008849581
171540 0.0008839269
171600 0.0008828958
171660 0.0008818647
171720 0.0008808335
171780 0.0008798024
171840 0.0008787713
171900 0.0008777401
171960 0.000876709
172020 0.0008756778
172080 0.0008746467
172140 0.0008736156
172200 0.0008725844
172260 0.0008715533
172320 0.0008705222
172380 0.000869491
172440 0.0008684599
172500 0.0008674288
172560 0.0008663976
172620 0.0008653665
172680 0.0008643354
172740 0.0008633042
172800 0.0008622731
172860 0.000861242
172920 0.0008602108
172980 0.0008591797
173040 0.0008581485
173100 0.0008571174
173160 0.0008560863
173220 0.0008550551
173280 0.000854024
173340 0.0008529929
173400 0.0008519617
173460 0.0008509306
173520 0.0008498995
173580 0.0008488683
173640 0.0008478372
173700 0.0008468061
173760 0.0008457749
173820 0.0008447438
173880 0.0008437126
173940 0.0008426815
174000 0.0008416504
174060 0.0008406192
174120 0.0008395881
174180 0.000838557
174240 0.0008375258
174300 0.0008364947
174360 0.0008354636
174420 0.0008344324
174480 0.0008334013
174540 0.0008323702
174600 0.000831339
174660 0.0008303079
174720 0.0008292767
174780 0.0008282456
174840 0.0008272145
174900 0.0008261833
174960 0.0008251522
175020 0.0008241211
175080 0.0008230899
175140 0.0008220588
175200 0.0008210277
175260 0.0008199965
175320 0.0008189654
175380 0.0008179343
175440 0.0008169031
175500 0.000815872
175560 0.0008148409
175620 0.0008138097
175680 0.0008127786
175740 0.0008117474
175800 0.0008107163
175860 0.0008096852
175920 0.000808654
175980 0.0008076229
176040 0.0008065918
176100 0.0008055606
176160 0.0008045295
176220 0.0008034984
176280 0.0008024672
176340 0.0008014361
176400 0.000800405
176460 0.0007993738
176520 0.0007983427
176580 0.0007973115
176640 0.0007962804
176700 0.0007952493
176760 0.0007942181
176820 0.000793187
176880 0.0007921559
176940 0.0007911247
177000 0.0007900936
177060 0.0007890625
177120 0.0007880313
177180 0.0007870002
177240 0.0007859691
177300 0.0007849379
177360 0.0007839068
177420 0.0007828756
177480 0.0007818445
177540 0.0007808134
177600 0.0007797822
177660 0.0007787511
177720 0.00077772
177780 0.0007766888
177840 0.0007756577
177900 0.0007746266
177960 0.0007735954
178020 0.0007725643
178080 0.0007715332
178140 0.000770502
178200 0.0007694709
178260 0.0007684398
178320 0.0007674086
178380 0.0007663775
178440 0.0007653463
178500 0.0007643152
178560 0.0007632841
178620 0.0007622529
178680 0.0007612218
178740 0.0007601907
178800 0.0007591595
178860 0.0007581284
178920 0.0007570973
178980 0.0007560661
179040 0.000755035
179100 0.0007540039
179160 0.0007529727
179220 0.0007519416
179280 0.0007509104
179340 0.0007498793
179400 0.0007488482
179460 0.000747817
179520 0.0007467859
179580 0.0007457548
179640 0.0007447236
179700 0.0007436925
179760 0.0007426614
179820 0.0007416302
179880 0.0007405991
179940 0.000739568
180000 0.0007385368
180060 0.0007375057
180120 0.0007364746
180180 0.0007354434
180240 0.0007344123
180300 0.0007333811
180360 0.00073235
180420 0.0007313189
180480 0.0007302877
180540 0.0007292566
180600 0.0007282255
180660 0.0007271943
180720 0.0007261632
180780 0.0007251321
180840 0.0007241009
180900 0.0007230698
180960 0.0007220387
181020 0.0007210075
181080 0.0007199764
181140 0.0007189452
181200 0.0007179141
181260 0.000716883
181320 0.0007158518
181380 0.0007148207
181440 0.0007137896
181500 0.0007127584
181560 0.0007117273
181620 0.0007106962
181680 0.000709665
181740 0.0007086339
181800 0.0007076028
181860 0.0007065716
181920 0.0007055405
181980 0.0007045093
182040 0.0007034782
182100 0.0007024471
182160 0.0007014159
182220 0.0007003848
182280 0.0006993537
182340 0.0006983225
182400 0.0006972914
182460 0.0006962603
182520 0.0006952291
182580 0.000694198
182640 0.0006931669
182700 0.0006921357
182760 0.0006911046
182820 0.0006900735
182880 0.0006890423
182940 0.0006880112
183000 0.00068698
183060 0.0006859489
183120 0.0006849178
183180 0.0006838866
183240 0.0006828555
183300 0.0006818244
183360 0.0006807932
183420 0.0006797621
183480 0.000678731
183540 0.0006776998
183600 0.0006766687
183660 0.0006756376
183720 0.0006746064
183780 0.0006735753
183840 0.0006725441
183900 0.000671513
183960 0.0006704819
184020 0.0006694507
184080 0.0006684196
184140 0.0006673885
184200 0.0006663573
184260 0.0006653262
184320 0.0006642951
184380 0.0006632639
184440 0.0006622328
184500 0.0006612017
184560 0.0006601705
184620 0.0006591394
184680 0.0006581082
184740 0.0006570771
184800 0.000656046
184860 0.0006550148
184920 0.0006539837
184980 0.0006529526
185040 0.0006519214
185100 0.0006508903
185160 0.0006498592
185220 0.000648828
185280 0.0006477969
185340 0.0006467658
185400 0.0006457346
185460 0.0006447035
185520 0.0006436724
185580 0.0006426412
185640 0.0006416101
185700 0.0006405789
185760 0.0006395478
185820 0.0006385167
185880 0.0006374855
185940 0.0006364544
186000 0.0006354233
186060 0.0006343921
186120 0.000633361
186180 0.0006323299
186240 0.0006312987
186300 0.0006302676
186360 0.0006292365
186420 0.0006282053
186480 0.0006271742
186540 0.000626143
186600 0.0006251119
186660 0.0006240808
186720 0.0006230496
186780 0.0006220185
186840 0.0006209874
186900 0.0006199562
186960 0.0006189251
187020 0.000617894
187080 0.0006168628
187140 0.0006158317
187200 0.0006148006
187260 0.0006137694
187320 0.0006127383
187380 0.0006117071
187440 0.000610676
187500 0.0006096449
187560 0.0006086137
187620 0.0006075826
187680 0.0006065515
187740 0.0006055203
187800 0.0006044892
187860 0.0006034581
187920 0.0006024269
187980 0.0006013958
188040 0.0006003647
188100 0.0005993335
188160 0.0005983024
188220 0.0005972713
188280 0.0005962401
188340 0.000595209
188400 0.0005941778
188460 0.0005931467
188520 0.0005921156
188580 0.0005910844
188640 0.0005900533
188700 0.0005890222
188760 0.000587991
188820 0.0005869599
188880 0.0005859288
188940 0.0005848976
189000 0.0005838665
189060 0.0005828354
189120 0.0005818042
189180 0.0005807731
189240 0.0005797419
189300 0.0005787108
189360 0.0005776797
189420 0.0005766485
189480 0.0005756174
189540 0.0005745863
189600 0.0005735551
189660 0.000572524
189720 0.0005714929
189780 0.0005704617
189840 0.0005694306
189900 0.0005683995
189960 0.0005673683
190020 0.0005663372
190080 0.000565306
190140 0.0005642749
190200 0.0005632438
190260 0.0005622126
190320 0.0005611815
190380 0.0005601504
190440 0.0005591192
190500 0.0005580881
190560 0.000557057
190620 0.0005560258
190680 0.0005549947
190740 0.0005539636
190800 0.0005529324
190860 0.0005519013
190920 0.0005508702
190980 0.000549839
191040 0.0005488079
191100 0.0005477767
191160 0.0005467456
191220 0.0005457145
191280 0.0005446833
191340 0.0005436522
191400 0.0005426211
191460 0.0005415899
191520 0.0005405588
191580 0.0005395277
191640 0.0005384965
191700 0.0005374654
191760 0.0005364343
191820 0.0005354031
191880 0.000534372
191940 0.0005333408
192000 0.0005323097
192060 0.0005312786
192120 0.0005302474
192180 0.0005292163
192240 0.0005281852
192300 0.000527154
192360 0.0005261229
192420 0.0005250918
192480 0.0005240606
192540 0.0005230295
192600 0.0005219984
192660 0.0005209672
192720 0.0005199361
192780 0.0005190091
192840 0.0005181677
192900 0.0005173263
192960 0.0005164849
193020 0.0005156436
193080 0.0005148022
193140 0.0005139608
193200 0.0005131194
193260 0.000512278
193320 0.0005114367
193380 0.0005105953
193440 0.0005097539
193500 0.0005089125
193560 0.0005080711
193620 0.0005072298
193680 0.0005063884
193740 0.000505547
193800 0.0005047056
193860 0.0005038643
193920 0.0005030229
193980 0.0005021815
194040 0.0005013401
194100 0.0005004987
194160 0.0004996574
194220 0.000498816
194280 0.0004979746
194340 0.0004971332
194400 0.0004962918
194460 0.0004954505
194520 0.0004946091
194580 0.0004937677
194640 0.0004929263
194700 0.000492085
194760 0.0004912436
194820 0.0004904022
194880 0.0004895608
194940 0.0004887194
195000 0.0004878781
195060 0.0004870367
195120 0.0004861953
195180 0.0004853539
195240 0.0004845125
195300 0.0004836712
195360 0.0004828298
195420 0.0004819884
195480 0.000481147
195540 0.0004803057
195600 0.0004794643
195660 0.0004786229
195720 0.0004777815
195780 0.0004769401
195840 0.0004760988
195900 0.0004752574
195960 0.000474416
196020 0.0004735746
196080 0.0004727332
196140 0.0004718919
196200 0.0004710505
196260 0.0004702091
196320 0.0004693677
196380 0.0004685264
196440 0.000467685
196500 0.0004668436
196560 0.0004660022
196620 0.0004651608
196680 0.0004643195
196740 0.0004634781
196800 0.0004626367
196860 0.0004617953
196920 0.0004609539
196980 0.0004601126
197040 0.0004592712
197100 0.0004584298
197160 0.0004575884
197220 0.0004567471
197280 0.0004559057
197340 0.0004550643
197400 0.0004542229
197460 0.0004533815
197520 0.0004525402
197580 0.0004516988
197640 0.0004508574
197700 0.000450016
197760 0.0004491746
197820 0.0004483333
197880 0.0004474919
197940 0.0004466505
198000 0.0004458091
198060 0.0004449678
198120 0.0004441264
198180 0.000443285
198240 0.0004424436
198300 0.0004416022
198360 0.0004407609
198420 0.0004399195
198480 0.0004390781
198540 0.0004382367
198600 0.0004373953
198660 0.000436554
198720 0.0004357126
198780 0.0004348712
198840 0.0004340298
198900 0.0004331885
198960 0.0004323471
199020 0.0004315057
199080 0.0004306643
199140 0.0004298229
199200 0.0004289816
199260 0.0004281402
199320 0.0004272988
199380 0.0004264574
199440 0.000425616
199500 0.0004247747
199560 0.0004239333
199620 0.0004230919
199680 0.0004222505
199740 0.0004214091
199800 0.0004205678
199860 0.0004197264
199920 0.000418885
199980 0.0004180436
200040 0.0004172023
200100 0.0004163609
200160 0.0004155195
200220 0.0004146781
200280 0.0004138367
200340 0.0004129954
200400 0.000412154
200460 0.0004113126
200520 0.0004104712
200580 0.0004096298
200640 0.0004087885
200700 0.0004079471
200760 0.0004071057
200820 0.0004062643
200880 0.000405423
200940 0.0004045816
201000 0.0004037402
201060 0.0004028988
201120 0.0004020574
201180 0.0004012161
201240 0.0004003747
201300 0.0003995333
201360 0.0003986919
201420 0.0003978505
201480 0.0003970092
201540 0.0003961678
201600 0.0003953264
201660 0.000394485
201720 0.0003936437
201780 0.0003928023
201840 0.0003919609
201900 0.0003911195
201960 0.0003902781
202020 0.0003894368
202080 0.0003885954
202140 0.000387754
202200 0.0003869126
202260 0.0003860712
202320 0.0003852299
202380 0.0003843885
202440 0.0003835471
202500 0.0003827057
202560 0.0003818644
202620 0.000381023
202680 0.0003801816
202740 0.0003793402
202800 0.0003784988
202860 0.0003776575
202920 0.0003768161
202980 0.0003759747
203040 0.0003751333
203100 0.0003742919
203160 0.0003734506
203220 0.0003726092
203280 0.0003717678
203340 0.0003709264
203400 0.0003700851
203460 0.0003692437
203520 0.0003684023
203580 0.0003675609
203640 0.0003667195
203700 0.0003658782
203760 0.0003650368
203820 0.0003641954
203880 0.000363354
203940 0.0003625126
204000 0.0003616713
204060 0.0003608299
204120 0.0003599885
204180 0.0003591471
204240 0.0003583058
204300 0.0003574644
204360 0.000356623
204420 0.0003557816
204480 0.0003549402
204540 0.0003540989
204600 0.0003532575
204660 0.0003524161
204720 0.0003515747
204780 0.0003507333
204840 0.000349892
204900 0.0003490506
204960 0.0003482092
205020 0.0003473678
205080 0.0003465264
205140 0.0003456851
205200 0.0003448437
205260 0.0003440023
205320 0.0003431609
205380 0.0003423196
205440 0.0003414782
205500 0.0003406368
205560 0.0003397954
205620 0.000338954
205680 0.0003381127
205740 0.0003372713
205800 0.0003364299
205860 0.0003355885
205920 0.0003347471
205980 0.0003339058
206040 0.0003330644
206100 0.000332223
206160 0.0003313816
206220 0.0003305403
206280 0.0003296989
206340 0.0003288575
206400 0.0003280161
206460 0.0003271747
206520 0.0003263334
206580 0.000325492
206640 0.0003246506
206700 0.0003238092
206760 0.0003229678
206820 0.0003221265
206880 0.0003212851
206940 0.0003204437
207000 0.0003196023
207060 0.000318761
207120 0.0003179196
207180 0.0003170782
207240 0.0003162368
207300 0.0003153954
207360 0.0003145541
207420 0.0003137127
207480 0.0003128713
207540 0.0003120299
207600 0.0003111885
207660 0.0003103472
207720 0.0003095058
207780 0.0003086644
207840 0.000307823
207900 0.0003069817
207960 0.0003061403
208020 0.0003052989
208080 0.0003044575
208140 0.0003036161
208200 0.0003027748
208260 0.0003019334
208320 0.000301092
208380 0.0003002506
208440 0.0002994092
208500 0.0002985679
208560 0.0002977265
208620 0.0002968851
208680 0.0002960437
208740 0.0002952024
208800 0.000294361
208860 0.0002935196
208920 0.0002926782
208980 0.0002918425
209040 0.0002911246
209100 0.0002904067
209160 0.0002896889
209220 0.000288971
209280 0.0002882531
209340 0.0002875352
209400 0.0002868174
209460 0.0002860995
209520 0.0002853816
209580 0.0002846638
209640 0.0002839459
209700 0.000283228
209760 0.0002825101
209820 0.0002817923
209880 0.0002810744
209940 0.0002803565
210000 0.0002796387
210060 0.0002789208
210120 0.0002782029
210180 0.000277485
210240 0.0002767672
210300 0.0002760493
210360 0.0002753314
210420 0.0002746136
210480 0.0002738957
210540 0.0002731778
210600 0.0002724599
210660 0.0002717421
210720 0.0002710242
210780 0.0002703063
210840 0.0002695885
210900 0.0002688706
210960 0.0002681527
211020 0.0002674348
211080 0.000266717
211140 0.0002659991
211200 0.0002652812
211260 0.0002645634
211320 0.0002638455
211380 0.0002631276
211440 0.0002624097
211500 0.0002616919
211560 0.000260974
211620 0.0002602561
211680 0.0002595383
211740 0.0002588204
211800 0.0002581025
211860 0.0002573847
211920 0.0002566668
211980 0.0002559489
212040 0.000255231
212100 0.0002545132
212160 0.0002537953
212220 0.0002530774
212280 0.0002523596
212340 0.0002516417
212400 0.0002509238
212460 0.0002502059
212520 0.0002494881
212580 0.0002487702
212640 0.0002480523
212700 0.0002473345
212760 0.0002466166
212820 0.0002458987
212880 0.0002451808
212940 0.000244463
213000 0.0002437451
213060 0.0002430272
213120 0.0002423094
213180 0.0002415915
213240 0.0002408736
213300 0.0002401557
213360 0.0002394379
213420 0.00023872
213480 0.0002380021
213540 0.0002372843
213600 0.0002365664
213660 0.0002358485
213720 0.0002351306
213780 0.0002344128
213840 0.0002336949
213900 0.000232977
213960 0.0002322592
214020 0.0002315413
214080 0.0002308234
214140 0.0002301055
214200 0.0002293877
214260 0.0002286698
214320 0.0002279519
214380 0.0002272341
214440 0.0002265162
214500 0.0002257983
214560 0.0002250804
214620 0.0002243626
214680 0.0002236447
214740 0.0002229268
214800 0.000222209
214860 0.0002214911
214920 0.0002207732
214980 0.0002200553
215040 0.0002193375
215100 0.0002186196
215160 0.0002179017
215220 0.0002171839
215280 0.000216466
215340 0.0002157481
215400 0.0002150303
215460 0.0002143124
215520 0.0002135945
215580 0.0002128766
215640 0.0002121588
215700 0.0002114409
215760 0.000210723
215820 0.0002100052
215880 0.0002092873
215940 0.0002085694
216000 0.0002078515
216060 0.0002071337
216120 0.0002064158
216180 0.0002056979
216240 0.0002049801
216300 0.0002042622
216360 0.0002035443
216420 0.0002028264
216480 0.0002021086
216540 0.0002013907
216600 0.0002006728
216660 0.000199955
216720 0.0001992371
216780 0.0001985192
216840 0.0001978013
216900 0.0001970835
216960 0.0001963656
217020 0.0001956477
217080 0.0001949299
217140 0.000194212
217200 0.0001934941
217260 0.0001927762
217320 0.0001920584
217380 0.0001913405
217440 0.0001906226
217500 0.0001899048
217560 0.0001891869
217620 0.000188469
217680 0.0001877511
217740 0.0001870333
217800 0.0001863154
217860 0.0001855975
217920 0.0001848797
217980 0.0001841618
218040 0.0001834439
218100 0.000182726
218160 0.0001820082
218220 0.0001812903
218280 0.0001805724
218340 0.0001798546
218400 0.0001791367
218460 0.0001784188
218520 0.000177701
218580 0.0001769831
218640 0.0001762652
218700 0.0001755473
218760 0.0001748295
218820 0.0001741116
218880 0.0001733937
218940 0.0001726759
219000 0.000171958
219060 0.0001712401
219120 0.0001705222
219180 0.0001698044
219240 0.0001690865
219300 0.0001683686
219360 0.0001676508
219420 0.0001669329
219480 0.000166215
219540 0.0001654971
219600 0.0001647793
219660 0.0001640614
219720 0.0001633435
219780 0.0001626257
219840 0.0001619078
219900 0.0001611899
219960 0.000160472
220020 0.0001597542
220080 0.0001590363
220140 0.0001583184
220200 0.0001576006
220260 0.0001568827
220320 0.0001561648
220380 0.0001554469
220440 0.0001547291
220500 0.0001540112
220560 0.0001532933
220620 0.0001525755
220680 0.0001518576
220740 0.0001511397
220800 0.0001504218
220860 0.000149704
220920 0.0001489861
220980 0.0001482682
221040 0.0001475504
221100 0.0001468325
221160 0.0001461146
221220 0.0001453967
221280 0.0001446789
221340 0.000143961
221400 0.0001432431
221460 0.0001425253
221520 0.0001418074
221580 0.0001410895
221640 0.0001403716
221700 0.0001396538
221760 0.0001389359
221820 0.000138218
221880 0.0001375002
221940 0.0001367823
222000 0.0001360644
222060 0.0001353466
222120 0.0001346287
222180 0.0001339108
222240 0.0001331929
222300 0.0001324751
222360 0.0001317572
222420 0.0001310393
222480 0.0001303215
222540 0.0001296036
222600 0.0001288857
222660 0.0001281678
222720 0.00012745
222780 0.0001267321
222840 0.0001260142
222900 0.0001252964
222960 0.0001245785
223020 0.0001238606
223080 0.0001231427
223140 0.0001224249
223200 0.000121707
223260 0.0001209891
223320 0.0001202713
223380 0.0001195534
223440 0.0001188355
223500 0.0001181176
223560 0.0001173998
223620 0.0001166819
223680 0.000115964
223740 0.0001152462
223800 0.0001145283
223860 0.0001138104
223920 0.0001130925
223980 0.0001123747
224040 0.0001116568
224100 0.0001109389
224160 0.0001102211
224220 0.0001095032
224280 0.0001087853
224340 0.0001080674
224400 0.0001073496
224460 0.0001066317
224520 0.0001059138
224580 0.000105196
224640 0.0001044781
224700 0.0001037602
224760 0.0001030423
224820 0.0001023245
224880 0.0001016066
224940 0.0001010038
225000 0.0001004395
225060 9.98752251900502E-05
225120 9.9311E-05
225180 9.87466915720835E-05
225240 9.81824247631002E-05
225300 9.76181579541168E-05
225360 9.70538911451335E-05
225420 9.64896243361502E-05
225480 9.59253575271669E-05
225540 9.53610907181836E-05
225600 9.47968239092003E-05
225660 9.42325571002168E-05
225720 9.36682902912335E-05
225780 9.3104E-05
225840 9.25397566732668E-05
225900 9.19754898642835E-05
225960 9.14112230553002E-05
226020 9.0847E-05
226080 9.02826894373336E-05
226140 8.97184226283503E-05
226200 8.91541558193668E-05
226260 8.85898890103834E-05
226320 8.80256222014001E-05
226380 8.74613553924168E-05
226440 8.68970885834335E-05
226500 8.63328217744502E-05
226560 8.57685549654669E-05
226620 8.52042881564836E-05
226680 8.464E-05
226740 8.40757545385168E-05
226800 8.35114877295334E-05
226860 8.29472209205501E-05
226920 8.2383E-05
226980 8.18186873025835E-05
227040 8.12544204936002E-05
227100 8.06901536846169E-05
227160 8.01258868756336E-05
227220 7.95616200666501E-05
227280 7.89973532576668E-05
227340 7.84330864486835E-05
227400 7.78688196397001E-05
227460 7.73045528307168E-05
227520 7.67402860217335E-05
227580 7.6176E-05
227640 7.56117524037669E-05
227700 7.50474855947834E-05
227760 7.44832187858001E-05
227820 7.3919E-05
227880 7.33546851678334E-05
227940 7.27904183588501E-05
228000 7.22261515498668E-05
228060 7.16618847408835E-05
228120 7.10976179319002E-05
228180 7.05333511229169E-05
228240 6.99690843139334E-05
228300 6.94048175049501E-05
228360 6.88405506959668E-05
228420 6.82762838869835E-05
228480 6.7712E-05
228540 6.71477502690168E-05
228600 6.65834834600335E-05
228660 6.60192166510502E-05
228720 6.54549498420669E-05
228780 6.48906830330834E-05
228840 6.43264162241001E-05
228900 6.37621494151168E-05
228960 6.31978826061335E-05
229020 6.26336157971501E-05
229080 6.20693489881668E-05
229140 6.15050821791835E-05
229200 6.09408153702002E-05
229260 6.03765485612169E-05
229320 5.98122817522334E-05
229380 5.9248E-05
229440 5.86837481342668E-05
229500 5.81194813252834E-05
229560 5.75552145163001E-05
229620 5.69909477073168E-05
229680 5.64266808983335E-05
229740 5.58624140893502E-05
229800 5.52981472803667E-05
229860 5.47338804713834E-05
229920 5.41696136624001E-05
229980 5.36053468534168E-05
230040 5.30410800444334E-05
230100 5.24768132354501E-05
230160 5.19125464264668E-05
230220 5.13482796174835E-05
230280 5.0784E-05
230340 5.02197459995167E-05
230400 4.96554791905334E-05
230460 4.90912123815501E-05
230520 4.85269455725668E-05
230580 4.79626787635834E-05
230640 4.73984119546001E-05
230700 4.68341451456168E-05
230760 4.62698783366335E-05
230820 4.570561152765E-05
230880 4.51413447186667E-05
230940 4.45770779096834E-05
231000 4.40128111007001E-05
231060 4.34485442917168E-05
231120 4.28842774827334E-05
231180 4.232E-05
231240 4.17557438647668E-05
231300 4.11914770557835E-05
231360 4.06272102468E-05
231420 4.00629434378167E-05
231480 3.94986766288334E-05
231540 3.89344098198501E-05
231600 3.83701430108667E-05
231660 3.78058762018834E-05
231720 3.72416093929001E-05
231780 3.66773425839168E-05
231840 3.61130757749333E-05
231900 3.554880896595E-05
231960 3.49845421569667E-05
232020 3.44202753479834E-05
232080 3.3856E-05
232140 3.32917417300167E-05
232200 3.27274749210334E-05
232260 3.21632081120501E-05
232320 3.15989413030668E-05
232380 3.10346744940833E-05
232440 3.04704076851E-05
232500 2.99061408761167E-05
232560 2.93418740671334E-05
232620 2.87776072581501E-05
232680 2.82133404491667E-05
232740 2.76490736401834E-05
232800 2.70848068312001E-05
232860 2.65205400222168E-05
232920 2.59562732132333E-05
232980 2.5392E-05
233040 2.48277395952667E-05
233100 2.42634727862834E-05
233160 2.36992059773001E-05
233220 2.31349391683167E-05
233280 2.25706723593334E-05
233340 2.20064055503501E-05
233400 2.14421387413666E-05
233460 2.08778719323833E-05
233520 2.03136051234E-05
233580 1.97493383144167E-05
233640 1.91850715054334E-05
233700 1.86208046964501E-05
233760 1.80565378874667E-05
233820 1.74922710784834E-05
233880 1.6928E-05
233940 1.63637374605166E-05
234000 1.57994706515333E-05
234060 1.523520384255E-05
234120 1.46709370335667E-05
234180 1.41066702245834E-05
234240 1.35424034156001E-05
234300 1.29781366066167E-05
234360 1.24138697976334E-05
234420 1.18496029886501E-05
234480 1.12853361796666E-05
234540 1.07210693706833E-05
234600 1.01568025617E-05
234660 9.59253575271669E-06
234720 9.02826894373337E-06
234780 8.464E-06
234840 7.89973532576674E-06
234900 7.33546851678342E-06
234960 6.77120170779995E-06
235020 6.20693489881664E-06
235080 5.64266808983332E-06
235140 5.07840128085E-06
235200 4.51413447186669E-06
235260 3.94986766288337E-06
235320 3.38560085390005E-06
235380 2.82133404491674E-06
235440 2.25706723593342E-06
235500 1.69280042694995E-06
235560 1.12853361796663E-06
235620 5.64266808983316E-07
235680 0
