0 29.3592320323
60 27.5558076796
120 25.7523833268
180 23.9489589741
240 22.1455346214
300 20.3421102687
360 20.1808188526
420 20.2166798586
480 20.2525408645
540 20.2884018704
600 20.3242628764
660 20.3601238823
720 20.3959848882
780 20.4318458942
840 20.4677069001
900 20.5035679061
960 19.6215686611
1020 17.5959892745
1080 15.5704098879
1140 13.5448305014
1200 11.5192511148
1260 9.4936717282
1320 7.4680923416
1380 5.4425129551
1440 3.4169335685
1500 1.3913541819
1560 10.4595615841
1620 21.0926260657
1680 30
1740 28.8519508108
1800 27.7039016216
1860 26.5558524324
1920 25.4078032432
1980 24.259754054
2040 23.1117048649
2100 21.9636556757
2160 20.8156064865
2220 20.3358683153
2280 20.3720259152
2340 20.4081835151
2400 20.444341115
2460 20.4804987149
2520 20.5166563148
2580 20.5528139147
2640 20.5889715146
2700 20.6251291145
2760 20.6612867145
2820 20.3998199264
2880 17.8877121224
2940 15.3756043184
3000 12.8634965144
3060 10.3513887104
3120 7.8392809064
3180 5.3271731023
3240 2.8150652983
3300 4.3083002713
3360 14.7946129975
3420 25.2809257237
3480 28.7557453287
3540 26.8108076187
3600 24.8658699087
3660 22.9209321987
3720 20.9759944887
3780 19.0310567786
3840 17.0861190686
3900 16.6761720191
3960 16.7014943479
4020 16.7268166767
4080 16.7521390056
4140 16.7774613344
4200 16.8027836633
4260 16.8281059921
4320 16.8534283209
4380 16.8787506498
4440 16.9040729786
4500 16.9293953075
4560 16.9547176363
4620 15.7595649176
4680 13.7205190763
4740 11.6814732349
4800 9.6424273936
4860 7.6033815522
4920 5.5643357109
4980 3.5252898695
5040 1.4862440281
5100 8.6591703194
5160 18.8818976674
5220 29.1046250154
5280 27.9440249717
5340 26.6031170557
5400 25.2622091398
5460 23.9213012238
5520 22.5803933078
5580 21.2394853918
5640 20.0922282671
5700 20.1658023999
5760 20.2393765326
5820 20.3129506654
5880 20.3865247981
5940 20.4600989309
6000 20.5336730636
6060 20.6072471964
6120 20.6808213291
6180 20.7543954619
6240 20.8279695946
6300 20.9015437274
6360 20.9751178601
6420 21.0486919929
6480 21.1222661256
6540 21.1958402584
6600 17.5719158075
6660 9.5553425898
6720 1.5387693721
6780 0.5324758482
6840 0.4073608622
6900 0.2496675059
6960 0.308636222
7020 0.1816320687
7080 0.1724899141
7140 0.1633477595
7200 0.154205605
7260 0.1450634504
7320 0.1359270107
7380 0.126887102
7440 0.1178471932
7500 0.1088072845
7560 0.0997673758
7620 0.0907274671
7680 0.0885028143
7740 0.086582639
7800 0.0846624637
7860 0.0827422884
7920 0.0808221131
7980 0.0789019378
8040 0.0769817625
8100 0.0750615872
8160 0.0731414119
8220 0.0712212366
8280 0.0693010613
8340 0.0673808859
8400 0.0654607106
8460 0.0635405353
8520 0.06162036
8580 0.0597001847
8640 0.0577800094
8700 0.0558598341
8760 0.0539396588
8820 0.0520194835
8880 0.0500993082
8940 0.0481791329
9000 0.0462589576
9060 0.0443387823
9120 0.0434353846
9180 0.0427809623
9240 0.0421265399
9300 0.0414721176
9360 0.0408176953
9420 0.040163273
9480 0.0395088506
9540 0.0389784914
9600 0.0384661263
9660 0.0379537613
9720 0.0374413962
9780 0.0369290312
9840 0.0364166662
9900 0.0359043011
9960 0.0353919361
10020 0.0348882803
10080 0.0344182149
10140 0.0339481494
10200 0.0334780839
10260 0.0330080184
10320 0.0325379529
10380 0.0320678874
10440 0.0315978219
10500 0.0311277565
10560 0.030657691
10620 0.0301876255
10680 0.0298637869
10740 0.0295749915
10800 0.0292861961
10860 0.0289974007
10920 0.0287086054
10980 0.02841981
11040 0.0281310146
11100 0.0278422192
11160 0.0275534238
11220 0.0272646285
11280 0.0269758331
11340 0.0266870377
11400 0.0263982423
11460 0.026109447
11520 0.0258206516
11580 0.0255452358
11640 0.0253270931
11700 0.0251089504
11760 0.0248908078
11820 0.0246726651
11880 0.0244545224
11940 0.0242363797
12000 0.024018237
12060 0.0238000944
12120 0.0235819517
12180 0.023363809
12240 0.0231456663
12300 0.0229275237
12360 0.022709381
12420 0.0224912383
12480 0.0222730956
12540 0.022054953
12600 0.0218368103
12660 0.0216186676
12720 0.0214005249
12780 0.0211823823
12840 0.0210156097
12900 0.0209402973
12960 0.020864985
13020 0.0207896726
13080 0.0207143603
13140 0.0206390479
13200 0.0205637356
13260 0.0204884233
13320 0.0204131109
13380 0.0203377986
13440 0.0202624862
13500 0.0201871739
13560 0.0201118615
13620 0.0200365492
13680 0.0199612368
13740 0.0198859245
13800 0.0198106121
13860 0.0197352998
13920 0.0196599875
13980 0.0195846751
14040 0.0195093628
14100 0.0194340504
14160 0.0193587381
14220 0.0192834257
14280 0.0192081134
14340 0.019132801
14400 0.0190574887
14460 0.0189821764
14520 0.018906864
14580 0.0188315517
14640 0.0187562393
14700 0.018680927
14760 0.0186056146
14820 0.0185303023
14880 0.0184549899
14940 0.0183796776
15000 0.0183043652
15060 0.0182290529
15120 0.0181537406
15180 0.0180784282
15240 0.0180031159
15300 0.0179278035
15360 0.0178524912
15420 0.0177771788
15480 0.0177018665
15540 0.0176265541
15600 0.0175512418
15660 0.0174759295
15720 0.0174006171
15780 0.0173253048
15840 0.0172499924
15900 0.0171746801
15960 0.0170993677
16020 0.0170240554
16080 0.016948743
16140 0.0168734307
16200 0.0167981183
16260 0.016722806
16320 0.0166474937
16380 0.0165721813
16440 0.016496869
16500 0.0164215566
16560 0.0163462443
16620 0.0163073064
16680 0.0162788275
16740 0.0162503485
16800 0.0162218696
16860 0.0161933906
16920 0.0161649117
16980 0.0161364327
17040 0.0161079538
17100 0.0160794748
17160 0.0160509959
17220 0.0160225169
17280 0.015994038
17340 0.0159655591
17400 0.0159370801
17460 0.0159086012
17520 0.0158801222
17580 0.0158516433
17640 0.0158231643
17700 0.0157946854
17760 0.0157662064
17820 0.0157377275
17880 0.0157092485
17940 0.0156807696
18000 0.0156522906
18060 0.0156238117
18120 0.0155953327
18180 0.0155668538
18240 0.0155383748
18300 0.0155098959
18360 0.0154814169
18420 0.015452938
18480 0.015424459
18540 0.0153959801
18600 0.0153675011
18660 0.0153390222
18720 0.0153105432
18780 0.0152820643
18840 0.0152535853
18900 0.0152251064
18960 0.0151966274
19020 0.0151681485
19080 0.0151396695
19140 0.0151111906
19200 0.0150827116
19260 0.0150542327
19320 0.0150257537
19380 0.0149972748
19440 0.0149687958
19500 0.0149403169
19560 0.0149118379
19620 0.014883359
19680 0.01485488
19740 0.0148264011
19800 0.0147979221
19860 0.0147694432
19920 0.0147409642
19980 0.0147124853
20040 0.0146840063
20100 0.0146555274
20160 0.0146270484
20220 0.0145985695
20280 0.0145700905
20340 0.0145416116
20400 0.0145131326
20460 0.0144846537
20520 0.0144561747
20580 0.0144276958
20640 0.0143992168
20700 0.0143707379
20760 0.0143422589
20820 0.01431378
20880 0.014285301
20940 0.0142568221
21000 0.0142283431
21060 0.0141998642
21120 0.0141713852
21180 0.0141429063
21240 0.0141144273
21300 0.0140859484
21360 0.0140574694
21420 0.0140289905
21480 0.0140005115
21540 0.0139720326
21600 0.0139435537
21660 0.0139150747
21720 0.0138865958
21780 0.0138581168
21840 0.0138296379
21900 0.0138011589
21960 0.01377268
22020 0.013744201
22080 0.0137157221
22140 0.0136872431
22200 0.0136587642
22260 0.0136302852
22320 0.0136018063
22380 0.0135733273
22440 0.0135448484
22500 0.0135163694
22560 0.0134878905
22620 0.0134594115
22680 0.0134309326
22740 0.0134024536
22800 0.0133739747
22860 0.0133454957
22920 0.0133170168
22980 0.0132885378
23040 0.0132600589
23100 0.0132315799
23160 0.013203101
23220 0.013174622
23280 0.0131461431
23340 0.0131176641
23400 0.0130891852
23460 0.0130607062
23520 0.0130322273
23580 0.0130037483
23640 0.0129752694
23700 0.0129467904
23760 0.0129183115
23820 0.0128898325
23880 0.0128613536
23940 0.0128328746
24000 0.0128043957
24060 0.0127759167
24120 0.0127474378
24180 0.0127189588
24240 0.0126904799
24300 0.0126620009
24360 0.012633522
24420 0.012605043
24480 0.0125765641
24540 0.0125480851
24600 0.0125196062
24660 0.0124911272
24720 0.0124626483
24780 0.0124341693
24840 0.0124056904
24900 0.0123772114
24960 0.0123487325
25020 0.0123202535
25080 0.0122917746
25140 0.0122632956
25200 0.0122348167
25260 0.0122063377
25320 0.0121778588
25380 0.0121493798
25440 0.0121209009
25500 0.0120924219
25560 0.012063943
25620 0.012035464
25680 0.0120069851
25740 0.0119785061
25800 0.0119500272
25860 0.0119215482
25920 0.0118930693
25980 0.0118645904
26040 0.0118361114
26100 0.0118076325
26160 0.0117791535
26220 0.0117506746
26280 0.0117223593
26340 0.0117064852
26400 0.0116906112
26460 0.0116747371
26520 0.0116588631
26580 0.0116429891
26640 0.011627115
26700 0.011611241
26760 0.0115953669
26820 0.0115794929
26880 0.0115636188
26940 0.0115477448
27000 0.0115318707
27060 0.0115159967
27120 0.0115001226
27180 0.0114842486
27240 0.0114683745
27300 0.0114525005
27360 0.0114366264
27420 0.0114207524
27480 0.0114048783
27540 0.0113890043
27600 0.0113731302
27660 0.0113572562
27720 0.0113413821
27780 0.0113255081
27840 0.011309634
27900 0.01129376
27960 0.011277886
28020 0.0112620119
28080 0.0112461379
28140 0.0112302638
28200 0.0112143898
28260 0.0111985157
28320 0.0111826417
28380 0.0111667676
28440 0.0111508936
28500 0.0111350195
28560 0.0111191455
28620 0.0111032714
28680 0.0110873974
28740 0.0110715233
28800 0.0110556493
28860 0.0110397752
28920 0.0110239012
28980 0.0110080271
29040 0.0109921531
29100 0.010976279
29160 0.010960405
29220 0.010944531
29280 0.0109286569
29340 0.0109127829
29400 0.0108969088
29460 0.0108810348
29520 0.0108651607
29580 0.0108492867
29640 0.0108334126
29700 0.0108175386
29760 0.0108016645
29820 0.0107857905
29880 0.0107699164
29940 0.0107540424
30000 0.0107381683
30060 0.0107222943
30120 0.0107064202
30180 0.0106905462
30240 0.0106746721
30300 0.0106587981
30360 0.010642924
30420 0.01062705
30480 0.0106111759
30540 0.0105953019
30600 0.0105794279
30660 0.0105635538
30720 0.0105476798
30780 0.0105318057
30840 0.0105159317
30900 0.0105000576
30960 0.0104841836
31020 0.0104683095
31080 0.0104524355
31140 0.0104365614
31200 0.0104206874
31260 0.0104048133
31320 0.0103889393
31380 0.0103730652
31440 0.0103571912
31500 0.0103413171
31560 0.0103254431
31620 0.010309569
31680 0.010293695
31740 0.0102778209
31800 0.0102619469
31860 0.0102460729
31920 0.0102301988
31980 0.0102143248
32040 0.0101984507
32100 0.0101825767
32160 0.0101667026
32220 0.0101508286
32280 0.0101349545
32340 0.0101190805
32400 0.0101032064
32460 0.0100873324
32520 0.0100714583
32580 0.0100555843
32640 0.0100397102
32700 0.0100238362
32760 0.0100079621
32820 0.0099920881
32880 0.009976214
32940 0.00996034
33000 0.0099444659
33060 0.0099285919
33120 0.0099127178
33180 0.0098968438
33240 0.0098809698
33300 0.0098650957
33360 0.0098492217
33420 0.0098333476
33480 0.0098174736
33540 0.0098015995
33600 0.0097857255
33660 0.0097698514
33720 0.0097539774
33780 0.0097381033
33840 0.0097222293
33900 0.0097063552
33960 0.0096904812
34020 0.0096746071
34080 0.0096587331
34140 0.009642859
34200 0.009626985
34260 0.0096111109
34320 0.0095952369
34380 0.0095793628
34440 0.0095634888
34500 0.0095476148
34560 0.0095317407
34620 0.0095158667
34680 0.0094999926
34740 0.0094841186
34800 0.0094682445
34860 0.0094523705
34920 0.0094364964
34980 0.0094206224
35040 0.0094047483
35100 0.0093913666
35160 0.0093783221
35220 0.0093652777
35280 0.0093522332
35340 0.0093391887
35400 0.0093261442
35460 0.0093130998
35520 0.0093000553
35580 0.0092870108
35640 0.0092739664
35700 0.0092609219
35760 0.0092478774
35820 0.0092348329
35880 0.0092217885
35940 0.009208744
36000 0.0091956995
36060 0.009182655
36120 0.0091696106
36180 0.0091565661
36240 0.0091435216
36300 0.0091304771
36360 0.0091174327
36420 0.0091043882
36480 0.0090913437
36540 0.0090782993
36600 0.0090652548
36660 0.0090522103
36720 0.0090391658
36780 0.0090261214
36840 0.0090130769
36900 0.0090000324
36960 0.0089869879
37020 0.0089739435
37080 0.008960899
37140 0.0089478545
37200 0.00893481
37260 0.0089217656
37320 0.0089087211
37380 0.0088956766
37440 0.0088826321
37500 0.0088695877
37560 0.0088565432
37620 0.0088434987
37680 0.0088304543
37740 0.0088174098
37800 0.0088043653
37860 0.0087913208
37920 0.0087782764
37980 0.0087652319
38040 0.0087521874
38100 0.0087391429
38160 0.0087260985
38220 0.008713054
38280 0.0087000095
38340 0.008686965
38400 0.0086739206
38460 0.0086608761
38520 0.0086478316
38580 0.0086347871
38640 0.0086217427
38700 0.0086086982
38760 0.0085956537
38820 0.0085826093
38880 0.0085695648
38940 0.0085565203
39000 0.0085434758
39060 0.0085304314
39120 0.0085173869
39180 0.0085043424
39240 0.0084912979
39300 0.0084782535
39360 0.008465209
39420 0.0084521645
39480 0.00843912
39540 0.0084260756
39600 0.0084130311
39660 0.0083999866
39720 0.0083869421
39780 0.0083738977
39840 0.0083608532
39900 0.0083478087
39960 0.0083347643
40020 0.0083217198
40080 0.0083086753
40140 0.0082956308
40200 0.0082825864
40260 0.0082695419
40320 0.0082564974
40380 0.0082434529
40440 0.0082304085
40500 0.008217364
40560 0.0082043195
40620 0.008191275
40680 0.0081782306
40740 0.0081651861
40800 0.0081521416
40860 0.0081390971
40920 0.0081260527
40980 0.0081130082
41040 0.0080999637
41100 0.0080869193
41160 0.0080738748
41220 0.0080608303
41280 0.0080477858
41340 0.0080347414
41400 0.0080216969
41460 0.0080086524
41520 0.0079956079
41580 0.0079825635
41640 0.007969519
41700 0.0079564745
41760 0.00794343
41820 0.0079303856
41880 0.0079173411
41940 0.0079042966
42000 0.0078912522
42060 0.0078782077
42120 0.0078651632
42180 0.0078521187
42240 0.0078390743
42300 0.0078260298
42360 0.0078129853
42420 0.0077999408
42480 0.0077868964
42540 0.0077738519
42600 0.0077608074
42660 0.0077477629
42720 0.0077347185
42780 0.007721674
42840 0.0077086295
42900 0.007695585
42960 0.0076825406
43020 0.0076694961
43080 0.0076564516
43140 0.0076434072
43200 0.0076303627
43260 0.0076173182
43320 0.0076042737
43380 0.0075912293
43440 0.0075781848
43500 0.0075651403
43560 0.0075520958
43620 0.0075390514
43680 0.0075260069
43740 0.0075129624
43800 0.0074999179
43860 0.0074868735
43920 0.007473829
43980 0.0074607845
44040 0.00744774
44100 0.0074346956
44160 0.0074216511
44220 0.0074086066
44280 0.0073955622
44340 0.0073825177
44400 0.0073694732
44460 0.0073564287
44520 0.0073433843
44580 0.0073303398
44640 0.0073172953
44700 0.0073042508
44760 0.0072912064
44820 0.0072781619
44880 0.0072651174
44940 0.0072520729
45000 0.0072390285
45060 0.007225984
45120 0.0072129395
45180 0.007199895
45240 0.0071868506
45300 0.0071738061
45360 0.0071607616
45420 0.0071477172
45480 0.0071346727
45540 0.0071216282
45600 0.0071096861
45660 0.0071029505
45720 0.0070962149
45780 0.0070894794
45840 0.0070827438
45900 0.0070760082
45960 0.0070692726
46020 0.0070625371
46080 0.0070558015
46140 0.0070490659
46200 0.0070423304
46260 0.0070355948
46320 0.0070288592
46380 0.0070221236
46440 0.0070153881
46500 0.0070086525
46560 0.0070019169
46620 0.0069951814
46680 0.0069884458
46740 0.0069817102
46800 0.0069749746
46860 0.0069682391
46920 0.0069615035
46980 0.0069547679
47040 0.0069480324
47100 0.0069412968
47160 0.0069345612
47220 0.0069278256
47280 0.0069210901
47340 0.0069143545
47400 0.0069076189
47460 0.0069008834
47520 0.0068941478
47580 0.0068874122
47640 0.0068806766
47700 0.0068739411
47760 0.0068672055
47820 0.0068604699
47880 0.0068537344
47940 0.0068469988
48000 0.0068402632
48060 0.0068335276
48120 0.0068267921
48180 0.0068200565
48240 0.0068133209
48300 0.0068065854
48360 0.0067998498
48420 0.0067931142
48480 0.0067863786
48540 0.0067796431
48600 0.0067729075
48660 0.0067661719
48720 0.0067594364
48780 0.0067527008
48840 0.0067459652
48900 0.0067392296
48960 0.0067324941
49020 0.0067257585
49080 0.0067190229
49140 0.0067122874
49200 0.0067055518
49260 0.0066988162
49320 0.0066920806
49380 0.0066853451
49440 0.0066786095
49500 0.0066718739
49560 0.0066651384
49620 0.0066584028
49680 0.0066516672
49740 0.0066449316
49800 0.0066381961
49860 0.0066314605
49920 0.0066247249
49980 0.0066179894
50040 0.0066112538
50100 0.0066045182
50160 0.0065977826
50220 0.0065910471
50280 0.0065843115
50340 0.0065775759
50400 0.0065708404
50460 0.0065641048
50520 0.0065573692
50580 0.0065506337
50640 0.0065438981
50700 0.0065371625
50760 0.0065304269
50820 0.0065236914
50880 0.0065169558
50940 0.0065102202
51000 0.0065034847
51060 0.0064967491
51120 0.0064900135
51180 0.0064832779
51240 0.0064765424
51300 0.0064698068
51360 0.0064630712
51420 0.0064563357
51480 0.0064496001
51540 0.0064428645
51600 0.0064361289
51660 0.0064293934
51720 0.0064226578
51780 0.0064159222
51840 0.0064091867
51900 0.0064024511
51960 0.0063957155
52020 0.0063889799
52080 0.0063822444
52140 0.0063755088
52200 0.0063687732
52260 0.0063620377
52320 0.0063553021
52380 0.0063485665
52440 0.0063418309
52500 0.0063350954
52560 0.0063283598
52620 0.0063216242
52680 0.0063148887
52740 0.0063081531
52800 0.0063014175
52860 0.0062946819
52920 0.0062879464
52980 0.0062812108
53040 0.0062744752
53100 0.0062677397
53160 0.0062610041
53220 0.0062542685
53280 0.0062475329
53340 0.0062407974
53400 0.0062340618
53460 0.0062273262
53520 0.0062205907
53580 0.0062138551
53640 0.0062071195
53700 0.0062003839
53760 0.0061936484
53820 0.0061869128
53880 0.0061801772
53940 0.0061734417
54000 0.0061667061
54060 0.0061599705
54120 0.0061532349
54180 0.0061464994
54240 0.0061397638
54300 0.0061330282
54360 0.0061262927
54420 0.0061195571
54480 0.0061128215
54540 0.0061060859
54600 0.0060993504
54660 0.0060926148
54720 0.0060858792
54780 0.0060791437
54840 0.0060724081
54900 0.0060656725
54960 0.0060589369
55020 0.0060522014
55080 0.0060454658
55140 0.0060387302
55200 0.0060319947
55260 0.0060252591
55320 0.0060185235
55380 0.006011788
55440 0.0060050524
55500 0.0059983168
55560 0.0059915812
55620 0.0059848457
55680 0.0059781101
55740 0.0059713745
55800 0.005964639
55860 0.0059579034
55920 0.0059511678
55980 0.0059444322
56040 0.0059376967
56100 0.0059309611
56160 0.0059242255
56220 0.00591749
56280 0.0059107544
56340 0.0059040188
56400 0.0058972832
56460 0.0058905477
56520 0.0058838121
56580 0.0058770765
56640 0.005870341
56700 0.0058636054
56760 0.0058568698
56820 0.0058501342
56880 0.0058433987
56940 0.0058366631
57000 0.0058299275
57060 0.005823192
57120 0.0058164564
57180 0.0058097208
57240 0.0058029852
57300 0.0057962497
57360 0.0057895141
57420 0.0057827785
57480 0.005776043
57540 0.0057693074
57600 0.0057625718
57660 0.0057558362
57720 0.0057491007
57780 0.0057423651
57840 0.0057356295
57900 0.005728894
57960 0.0057221584
58020 0.0057154228
58080 0.0057086872
58140 0.0057019517
58200 0.0056952161
58260 0.0056884805
58320 0.005681745
58380 0.0056750094
58440 0.0056682738
58500 0.0056615382
58560 0.0056548027
58620 0.0056480671
58680 0.0056413315
58740 0.005634596
58800 0.0056278604
58860 0.0056211248
58920 0.0056143892
58980 0.0056076537
59040 0.0056009181
59100 0.0055941825
59160 0.005587447
59220 0.0055807114
59280 0.0055739758
59340 0.0055672402
59400 0.0055605047
59460 0.0055537691
59520 0.0055470335
59580 0.005540298
59640 0.0055335624
59700 0.0055268268
59760 0.0055200913
59820 0.0055133557
59880 0.0055066201
59940 0.0054998845
60000 0.005493149
60060 0.0054864134
60120 0.0054796778
60180 0.0054729423
60240 0.0054662067
60300 0.0054594711
60360 0.0054527355
60420 0.005446
60480 0.0054392644
60540 0.0054325288
60600 0.0054257933
60660 0.0054190577
60720 0.0054123221
60780 0.0054055865
60840 0.005398851
60900 0.0053921154
60960 0.0053853798
61020 0.0053786443
61080 0.0053719087
61140 0.0053651731
61200 0.0053584375
61260 0.005351702
61320 0.0053449664
61380 0.0053382308
61440 0.0053314953
61500 0.0053247597
61560 0.0053180241
61620 0.0053112885
61680 0.005304553
61740 0.0052978174
61800 0.0052910818
61860 0.0052843463
61920 0.0052776107
61980 0.0052708751
62040 0.0052641395
62100 0.005257404
62160 0.0052506684
62220 0.0052439328
62280 0.0052371973
62340 0.0052304617
62400 0.0052237261
62460 0.0052169905
62520 0.005210255
62580 0.0052035194
62640 0.0051967838
62700 0.0051900483
62760 0.0051833127
62820 0.0051765771
62880 0.0051698415
62940 0.005163106
63000 0.0051563704
63060 0.0051496348
63120 0.0051428993
63180 0.0051361637
63240 0.0051294281
63300 0.0051226925
63360 0.005115957
63420 0.0051092214
63480 0.0051024858
63540 0.0050957503
63600 0.0050890147
63660 0.0050822791
63720 0.0050755435
63780 0.005068808
63840 0.0050620724
63900 0.0050553368
63960 0.0050486013
64020 0.0050418657
64080 0.0050351301
64140 0.0050283945
64200 0.005021659
64260 0.0050149234
64320 0.0050081878
64380 0.0050014523
64440 0.0049947167
64500 0.0049879811
64560 0.0049812456
64620 0.00497451
64680 0.0049677744
64740 0.0049610388
64800 0.0049543033
64860 0.0049475677
64920 0.0049408321
64980 0.0049340966
65040 0.004927361
65100 0.0049206254
65160 0.0049138898
65220 0.0049071543
65280 0.0049004187
65340 0.0048936831
65400 0.0048869476
65460 0.004880212
65520 0.0048734764
65580 0.0048667408
65640 0.0048600053
65700 0.0048532697
65760 0.0048465341
65820 0.0048397986
65880 0.004833063
65940 0.0048263274
66000 0.0048195918
66060 0.0048128563
66120 0.0048061207
66180 0.0047993851
66240 0.0047926496
66300 0.004785914
66360 0.0047791784
66420 0.0047724428
66480 0.0047657073
66540 0.0047589717
66600 0.0047522361
66660 0.0047455006
66720 0.004738765
66780 0.0047320294
66840 0.0047252938
66900 0.0047185583
66960 0.0047118227
67020 0.0047050871
67080 0.0046983516
67140 0.004691616
67200 0.0046848804
67260 0.0046781448
67320 0.0046714093
67380 0.0046646737
67440 0.0046579381
67500 0.0046512026
67560 0.004644467
67620 0.0046377314
67680 0.0046309958
67740 0.0046242603
67800 0.0046175247
67860 0.0046107891
67920 0.0046040536
67980 0.004597318
68040 0.0045905824
68100 0.0045838468
68160 0.0045771113
68220 0.0045703757
68280 0.0045636401
68340 0.0045569046
68400 0.004550169
68460 0.0045434334
68520 0.0045366978
68580 0.0045299623
68640 0.0045232267
68700 0.0045164911
68760 0.0045097556
68820 0.00450302
68880 0.0044962844
68940 0.0044895488
69000 0.0044828133
69060 0.0044760777
69120 0.0044693421
69180 0.0044626066
69240 0.004455871
69300 0.0044491354
69360 0.0044423999
69420 0.0044365762
69480 0.0044317282
69540 0.0044268801
69600 0.004422032
69660 0.004417184
69720 0.0044123359
69780 0.0044074879
69840 0.0044026398
69900 0.0043977917
69960 0.0043929437
70020 0.0043880956
70080 0.0043832476
70140 0.0043783995
70200 0.0043735514
70260 0.0043687034
70320 0.0043638553
70380 0.0043590072
70440 0.0043541592
70500 0.0043493111
70560 0.0043444631
70620 0.004339615
70680 0.0043347669
70740 0.0043299189
70800 0.0043250708
70860 0.0043202228
70920 0.0043153747
70980 0.0043105266
71040 0.0043056786
71100 0.0043008305
71160 0.0042959825
71220 0.0042911344
71280 0.0042862863
71340 0.0042814383
71400 0.0042765902
71460 0.0042717421
71520 0.0042668941
71580 0.004262046
71640 0.004257198
71700 0.0042523499
71760 0.0042475018
71820 0.0042426538
71880 0.0042378057
71940 0.0042329577
72000 0.0042281096
72060 0.0042232615
72120 0.0042184135
72180 0.0042135654
72240 0.0042087173
72300 0.0042038693
72360 0.0041990212
72420 0.0041941732
72480 0.0041893251
72540 0.004184477
72600 0.004179629
72660 0.0041747809
72720 0.0041699329
72780 0.0041650848
72840 0.0041602367
72900 0.0041553887
72960 0.0041505406
73020 0.0041456925
73080 0.0041408445
73140 0.0041359964
73200 0.0041311484
73260 0.0041263003
73320 0.0041214522
73380 0.0041166042
73440 0.0041117561
73500 0.0041069081
73560 0.00410206
73620 0.0040972119
73680 0.0040923639
73740 0.0040875158
73800 0.0040826677
73860 0.0040778197
73920 0.0040729716
73980 0.0040681236
74040 0.0040632755
74100 0.0040584274
74160 0.0040535794
74220 0.0040487313
74280 0.0040438833
74340 0.0040390352
74400 0.0040341871
74460 0.0040293391
74520 0.004024491
74580 0.0040196429
74640 0.0040147949
74700 0.0040099468
74760 0.0040050988
74820 0.0040002507
74880 0.0039954026
74940 0.0039905546
75000 0.0039857065
75060 0.0039808585
75120 0.0039760104
75180 0.0039711623
75240 0.0039663143
75300 0.0039614662
75360 0.0039566182
75420 0.0039517701
75480 0.003946922
75540 0.003942074
75600 0.0039372259
75660 0.0039323778
75720 0.0039275298
75780 0.0039226817
75840 0.0039178337
75900 0.0039129856
75960 0.0039081375
76020 0.0039032895
76080 0.0038984414
76140 0.0038935934
76200 0.0038887453
76260 0.0038838972
76320 0.0038790492
76380 0.0038742011
76440 0.003869353
76500 0.003864505
76560 0.0038596569
76620 0.0038548089
76680 0.0038499608
76740 0.0038451127
76800 0.0038402647
76860 0.0038354166
76920 0.0038305686
76980 0.0038257205
77040 0.0038208724
77100 0.0038160244
77160 0.0038111763
77220 0.0038063282
77280 0.0038014802
77340 0.0037966321
77400 0.0037917841
77460 0.003786936
77520 0.0037820879
77580 0.0037772399
77640 0.0037723918
77700 0.0037675438
77760 0.0037626957
77820 0.0037578476
77880 0.0037529996
77940 0.0037481515
78000 0.0037433034
78060 0.0037384554
78120 0.0037336073
78180 0.0037287593
78240 0.0037239112
78300 0.0037190631
78360 0.0037142151
78420 0.003709367
78480 0.003704519
78540 0.0036996709
78600 0.0036948228
78660 0.0036899748
78720 0.0036851267
78780 0.0036802786
78840 0.0036754306
78900 0.0036705825
78960 0.0036657345
79020 0.0036608864
79080 0.0036560383
79140 0.0036511903
79200 0.0036463422
79260 0.0036414942
79320 0.0036366461
79380 0.003631798
79440 0.00362695
79500 0.0036221019
79560 0.0036172538
79620 0.0036124058
79680 0.0036075577
79740 0.0036027097
79800 0.0035978616
79860 0.0035930135
79920 0.0035881655
79980 0.0035833174
80040 0.0035784694
80100 0.0035736213
80160 0.0035687732
80220 0.0035639252
80280 0.0035590771
80340 0.0035542291
80400 0.003549381
80460 0.0035445329
80520 0.0035396849
80580 0.0035348368
80640 0.0035299887
80700 0.0035251407
80760 0.0035202926
80820 0.0035154446
80880 0.0035105965
80940 0.0035057484
81000 0.0035009004
81060 0.0034960523
81120 0.0034912043
81180 0.0034863562
81240 0.0034815081
81300 0.0034766601
81360 0.003471812
81420 0.0034669639
81480 0.0034621159
81540 0.0034572678
81600 0.0034524198
81660 0.0034475717
81720 0.0034427236
81780 0.0034378756
81840 0.0034330275
81900 0.0034281795
81960 0.0034233314
82020 0.0034184833
82080 0.0034136353
82140 0.0034087872
82200 0.0034039391
82260 0.0033990911
82320 0.003394243
82380 0.003389395
82440 0.0033845469
82500 0.0033796988
82560 0.0033748508
82620 0.0033700027
82680 0.0033651547
82740 0.0033603066
82800 0.0033554585
82860 0.0033506105
82920 0.0033457624
82980 0.0033409143
83040 0.0033360663
83100 0.0033312182
83160 0.0033263702
83220 0.0033215221
83280 0.003316674
83340 0.003311826
83400 0.0033069779
83460 0.0033021299
83520 0.0032972818
83580 0.0032924337
83640 0.0032875857
83700 0.0032827376
83760 0.0032778895
83820 0.0032730415
83880 0.0032681934
83940 0.0032633454
84000 0.0032584973
84060 0.0032536492
84120 0.0032488012
84180 0.0032439531
84240 0.0032391051
84300 0.003234257
84360 0.0032294089
84420 0.0032245609
84480 0.0032197128
84540 0.0032148648
84600 0.0032100167
84660 0.0032051686
84720 0.0032003206
84780 0.0031954725
84840 0.0031906244
84900 0.0031857764
84960 0.0031809283
85020 0.0031760803
85080 0.0031712322
85140 0.0031663841
85200 0.0031615361
85260 0.003156688
85320 0.00315184
85380 0.0031469919
85440 0.0031421438
85500 0.0031372958
85560 0.0031324477
85620 0.0031275996
85680 0.0031227516
85740 0.0031179035
85800 0.0031130555
85860 0.0031082074
85920 0.0031033593
85980 0.0030985113
86040 0.0030936632
86100 0.0030888152
86160 0.0030839671
86220 0.003079119
86280 0.003074271
86340 0.0030694229
86400 0.0030645748
86460 0.0030597268
86520 0.0030548787
86580 0.0030500307
86640 0.0030451826
86700 0.0030403345
86760 0.0030354865
86820 0.0030306384
86880 0.0030257904
86940 0.0030209423
87000 0.0030160942
87060 0.0030112462
87120 0.0030063981
87180 0.00300155
87240 0.002996702
87300 0.0029918539
87360 0.0029870059
87420 0.0029821578
87480 0.0029773097
87540 0.0029724617
87600 0.0029676136
87660 0.0029627656
87720 0.0029579175
87780 0.0029530694
87840 0.0029482214
87900 0.0029433733
87960 0.0029385252
88020 0.0029336772
88080 0.0029288291
88140 0.0029239811
88200 0.002919133
88260 0.0029142849
88320 0.0029094369
88380 0.0029045888
88440 0.0028997408
88500 0.0028948927
88560 0.0028900446
88620 0.0028851966
88680 0.0028803485
88740 0.0028755005
88800 0.0028706524
88860 0.0028658043
88920 0.0028609563
88980 0.0028561082
89040 0.0028512601
89100 0.0028464121
89160 0.002841564
89220 0.002836716
89280 0.0028318679
89340 0.0028270198
89400 0.0028221718
89460 0.0028173237
89520 0.0028124757
89580 0.0028076276
89640 0.0028027795
89700 0.0027979315
89760 0.0027930834
89820 0.0027882353
89880 0.0027833873
89940 0.0027785392
90000 0.0027736912
90060 0.0027688431
90120 0.002763995
90180 0.002759147
90240 0.0027542989
90300 0.0027494509
90360 0.0027446028
90420 0.0027397547
90480 0.0027349067
90540 0.0027300586
90600 0.0027252105
90660 0.0027203625
90720 0.0027155144
90780 0.0027106664
90840 0.0027058183
90900 0.0027009702
90960 0.0026961222
91020 0.0026912741
91080 0.0026864261
91140 0.002681578
91200 0.0026767299
91260 0.0026718819
91320 0.0026670338
91380 0.0026621857
91440 0.0026573377
91500 0.0026524896
91560 0.0026476416
91620 0.0026427935
91680 0.0026379454
91740 0.0026330974
91800 0.0026282493
91860 0.0026234013
91920 0.0026185532
91980 0.0026137051
92040 0.0026088571
92100 0.002604009
92160 0.0025991609
92220 0.0025943129
92280 0.0025894648
92340 0.0025846168
92400 0.0025797687
92460 0.0025749206
92520 0.0025700726
92580 0.0025652245
92640 0.0025603765
92700 0.0025555284
92760 0.0025506803
92820 0.0025458323
92880 0.0025409842
92940 0.0025361361
93000 0.0025312881
93060 0.00252644
93120 0.002521592
93180 0.0025167439
93240 0.0025118958
93300 0.0025070478
93360 0.0025021997
93420 0.0024973517
93480 0.0024925036
93540 0.0024876555
93600 0.0024828075
93660 0.0024779594
93720 0.0024731114
93780 0.0024682633
93840 0.0024634152
93900 0.0024585672
93960 0.0024547172
94020 0.0024514918
94080 0.0024482664
94140 0.0024450409
94200 0.0024418155
94260 0.0024385901
94320 0.0024353647
94380 0.0024321393
94440 0.0024289139
94500 0.0024256885
94560 0.0024224631
94620 0.0024192377
94680 0.0024160123
94740 0.0024127869
94800 0.0024095615
94860 0.0024063361
94920 0.0024031106
94980 0.0023998852
95040 0.0023966598
95100 0.0023934344
95160 0.002390209
95220 0.0023869836
95280 0.0023837582
95340 0.0023805328
95400 0.0023773074
95460 0.002374082
95520 0.0023708566
95580 0.0023676312
95640 0.0023644058
95700 0.0023611803
95760 0.0023579549
95820 0.0023547295
95880 0.0023515041
95940 0.0023482787
96000 0.0023450533
96060 0.0023418279
96120 0.0023386025
96180 0.0023353771
96240 0.0023321517
96300 0.0023289263
96360 0.0023257009
96420 0.0023224755
96480 0.0023192501
96540 0.0023160246
96600 0.0023127992
96660 0.0023095738
96720 0.0023063484
96780 0.002303123
96840 0.0022998976
96900 0.0022966722
96960 0.0022934468
97020 0.0022902214
97080 0.002286996
97140 0.0022837706
97200 0.0022805452
97260 0.0022773198
97320 0.0022740943
97380 0.0022708689
97440 0.0022676435
97500 0.0022644181
97560 0.0022611927
97620 0.0022579673
97680 0.0022547419
97740 0.0022515165
97800 0.0022482911
97860 0.0022450657
97920 0.0022418403
97980 0.0022386149
98040 0.0022353895
98100 0.002232164
98160 0.0022289386
98220 0.0022257132
98280 0.0022224878
98340 0.0022192624
98400 0.002216037
98460 0.0022128116
98520 0.0022095862
98580 0.0022063608
98640 0.0022031354
98700 0.00219991
98760 0.0021966846
98820 0.0021934592
98880 0.0021902337
98940 0.0021870083
99000 0.0021837829
99060 0.0021805575
99120 0.0021773321
99180 0.0021741067
99240 0.0021708813
99300 0.0021676559
99360 0.0021644305
99420 0.0021612051
99480 0.0021579797
99540 0.0021547543
99600 0.0021515289
99660 0.0021483035
99720 0.002145078
99780 0.0021418526
99840 0.0021386272
99900 0.0021354018
99960 0.0021321764
100020 0.002128951
100080 0.0021257256
100140 0.0021225002
100200 0.0021192748
100260 0.0021160494
100320 0.002112824
100380 0.0021095986
100440 0.0021063732
100500 0.0021031477
100560 0.0020999223
100620 0.0020966969
100680 0.0020934715
100740 0.0020902461
100800 0.0020870207
100860 0.0020837953
100920 0.0020805699
100980 0.0020773445
101040 0.0020741191
101100 0.0020708937
101160 0.0020676683
101220 0.0020644429
101280 0.0020612174
101340 0.002057992
101400 0.0020547666
101460 0.0020515412
101520 0.0020483158
101580 0.0020450904
101640 0.002041865
101700 0.0020386396
101760 0.0020354142
101820 0.0020321888
101880 0.0020291098
101940 0.0020262701
102000 0.0020234303
102060 0.0020205905
102120 0.0020177508
102180 0.002014911
102240 0.0020120713
102300 0.0020092315
102360 0.0020063917
102420 0.002003552
102480 0.0020007122
102540 0.0019978724
102600 0.0019950327
102660 0.0019921929
102720 0.0019893531
102780 0.0019865134
102840 0.0019836736
102900 0.0019808338
102960 0.0019779941
103020 0.0019751543
103080 0.0019723145
103140 0.0019694748
103200 0.001966635
103260 0.0019637952
103320 0.0019609555
103380 0.0019581157
103440 0.0019552759
103500 0.0019524362
103560 0.0019495964
103620 0.0019467566
103680 0.0019439169
103740 0.0019410771
103800 0.0019382373
103860 0.0019353976
103920 0.0019325578
103980 0.001929718
104040 0.0019268783
104100 0.0019240385
104160 0.0019211988
104220 0.001918359
104280 0.0019155192
104340 0.0019126795
104400 0.0019098397
104460 0.0019069999
104520 0.0019041602
104580 0.0019013204
104640 0.0018984806
104700 0.0018956409
104760 0.0018928011
104820 0.0018899613
104880 0.0018871216
104940 0.0018842818
105000 0.001881442
105060 0.0018786023
105120 0.0018757625
105180 0.0018729227
105240 0.001870083
105300 0.0018672432
105360 0.0018644034
105420 0.0018615637
105480 0.0018587239
105540 0.0018558841
105600 0.0018530444
105660 0.0018502046
105720 0.0018473648
105780 0.0018445251
105840 0.0018416853
105900 0.0018388455
105960 0.0018360058
106020 0.001833166
106080 0.0018303263
106140 0.0018274865
106200 0.0018246467
106260 0.001821807
106320 0.0018189672
106380 0.0018161274
106440 0.0018132877
106500 0.0018104479
106560 0.0018076081
106620 0.0018047684
106680 0.0018019286
106740 0.0017990888
106800 0.0017962491
106860 0.0017934093
106920 0.0017905695
106980 0.0017877298
107040 0.00178489
107100 0.0017820502
107160 0.0017792105
107220 0.0017763707
107280 0.0017735309
107340 0.0017706912
107400 0.0017678514
107460 0.0017650116
107520 0.0017621719
107580 0.0017593321
107640 0.0017564923
107700 0.0017536526
107760 0.0017508128
107820 0.001747973
107880 0.0017451333
107940 0.0017422935
108000 0.0017394538
108060 0.001736614
108120 0.0017337742
108180 0.0017309345
108240 0.0017280947
108300 0.0017252549
108360 0.0017224152
108420 0.0017195754
108480 0.0017167356
108540 0.0017138959
108600 0.0017110561
108660 0.0017082163
108720 0.0017053766
108780 0.0017025368
108840 0.001699697
108900 0.0016968573
108960 0.0016940175
109020 0.0016911777
109080 0.001688338
109140 0.0016854982
109200 0.0016826584
109260 0.0016798187
109320 0.0016769789
109380 0.0016741391
109440 0.0016712994
109500 0.0016684596
109560 0.0016656198
109620 0.0016627801
109680 0.0016599403
109740 0.0016571005
109800 0.0016542608
109860 0.001651421
109920 0.0016485813
109980 0.0016457415
110040 0.0016429017
110100 0.001640062
110160 0.0016372222
110220 0.0016343824
110280 0.0016315427
110340 0.0016287029
110400 0.0016258631
110460 0.0016230234
110520 0.0016201836
110580 0.0016173438
110640 0.0016145041
110700 0.0016116643
110760 0.0016088245
110820 0.0016059848
110880 0.001603145
110940 0.0016003052
111000 0.0015974655
111060 0.0015946257
111120 0.0015917859
111180 0.0015889462
111240 0.0015861064
111300 0.0015832666
111360 0.0015804269
111420 0.0015775871
111480 0.0015747473
111540 0.0015719076
111600 0.0015691798
111660 0.0015665382
111720 0.0015638966
111780 0.001561255
111840 0.0015586134
111900 0.0015559718
111960 0.0015533303
112020 0.0015506887
112080 0.0015480471
112140 0.0015454055
112200 0.0015427639
112260 0.0015401223
112320 0.0015374807
112380 0.0015348392
112440 0.0015321976
112500 0.001529556
112560 0.0015269144
112620 0.0015242728
112680 0.0015216312
112740 0.0015189896
112800 0.0015163481
112860 0.0015137065
112920 0.0015110649
112980 0.0015084233
113040 0.0015057817
113100 0.0015031401
113160 0.0015004985
113220 0.001497857
113280 0.0014952154
113340 0.0014925738
113400 0.0014899322
113460 0.0014872906
113520 0.001484649
113580 0.0014820074
113640 0.0014793659
113700 0.0014767243
113760 0.0014740827
113820 0.0014714411
113880 0.0014687995
113940 0.0014661579
114000 0.0014635163
114060 0.0014608747
114120 0.0014582332
114180 0.0014555916
114240 0.00145295
114300 0.0014503084
114360 0.0014476668
114420 0.0014450252
114480 0.0014423836
114540 0.0014397421
114600 0.0014371005
114660 0.0014344589
114720 0.0014318173
114780 0.0014291757
114840 0.0014265341
114900 0.0014238925
114960 0.001421251
115020 0.0014186094
115080 0.0014159678
115140 0.0014133262
115200 0.0014106846
115260 0.001408043
115320 0.0014054014
115380 0.0014027599
115440 0.0014001183
115500 0.0013974767
115560 0.0013948351
115620 0.0013921935
115680 0.0013895519
115740 0.0013869103
115800 0.0013842688
115860 0.0013816272
115920 0.0013789856
115980 0.001376344
116040 0.0013737024
116100 0.0013710608
116160 0.0013684192
116220 0.0013657777
116280 0.0013631361
116340 0.0013604945
116400 0.0013578529
116460 0.0013552113
116520 0.0013525697
116580 0.0013499281
116640 0.0013472866
116700 0.001344645
116760 0.0013420034
116820 0.0013393618
116880 0.0013367202
116940 0.0013340786
117000 0.001331437
117060 0.0013287955
117120 0.0013262034
117180 0.0013237041
117240 0.0013212048
117300 0.0013187055
117360 0.0013162062
117420 0.0013137068
117480 0.0013112075
117540 0.0013087082
117600 0.0013062089
117660 0.0013037096
117720 0.0013012103
117780 0.0012987109
117840 0.0012962116
117900 0.0012937123
117960 0.001291213
118020 0.0012887137
118080 0.0012862144
118140 0.0012837151
118200 0.0012812157
118260 0.0012787164
118320 0.0012762171
118380 0.0012737178
118440 0.0012712185
118500 0.0012687192
118560 0.0012662198
118620 0.0012637205
118680 0.0012612212
118740 0.0012587219
118800 0.0012562226
118860 0.0012537233
118920 0.0012512239
118980 0.0012487246
119040 0.0012462253
119100 0.001243726
119160 0.0012412267
119220 0.0012387274
119280 0.0012362281
119340 0.0012337287
119400 0.0012312294
119460 0.0012287301
119520 0.0012262308
119580 0.0012237315
119640 0.0012212322
119700 0.0012187328
119760 0.0012162335
119820 0.0012137342
119880 0.0012112349
119940 0.0012087356
120000 0.0012062363
120060 0.0012037369
120120 0.0012012376
120180 0.0011987383
120240 0.001196239
120300 0.0011937397
120360 0.0011912404
120420 0.0011887411
120480 0.0011862417
120540 0.0011837424
120600 0.0011812431
120660 0.0011787438
120720 0.0011762445
120780 0.0011737452
120840 0.0011712458
120900 0.0011687465
120960 0.0011662472
121020 0.0011637479
121080 0.0011612486
121140 0.0011587493
121200 0.0011562499
121260 0.0011537506
121320 0.0011512513
121380 0.001148752
121440 0.0011462527
121500 0.0011437534
121560 0.0011412541
121620 0.0011387547
121680 0.0011362554
121740 0.0011337561
121800 0.0011312668
121860 0.001128962
121920 0.0011266573
121980 0.0011243525
122040 0.0011220478
122100 0.0011197431
122160 0.0011174383
122220 0.0011151336
122280 0.0011128288
122340 0.0011105241
122400 0.0011082193
122460 0.0011059146
122520 0.0011036099
122580 0.0011013051
122640 0.0010990004
122700 0.0010966956
122760 0.0010943909
122820 0.0010920861
122880 0.0010897814
122940 0.0010874766
123000 0.0010851719
123060 0.0010828672
123120 0.0010805624
123180 0.0010782577
123240 0.0010759529
123300 0.0010736482
123360 0.0010713434
123420 0.0010690387
123480 0.0010667339
123540 0.0010644292
123600 0.0010621245
123660 0.0010598197
123720 0.001057515
123780 0.0010552102
123840 0.0010529055
123900 0.0010506007
123960 0.001048296
124020 0.0010459913
124080 0.0010436865
124140 0.0010413818
124200 0.001039077
124260 0.0010367723
124320 0.0010344675
124380 0.0010321628
124440 0.001029858
124500 0.0010275533
124560 0.0010252486
124620 0.0010229438
124680 0.0010206391
124740 0.0010183343
124800 0.0010160296
124860 0.0010137248
124920 0.0010114201
124980 0.0010091154
125040 0.0010068106
125100 0.0010045059
125160 0.0010022011
125220 0.0009998964
125280 0.0009975916
125340 0.0009952869
125400 0.0009929821
125460 0.0009906774
125520 0.0009883727
125580 0.0009860679
125640 0.0009837632
125700 0.0009814584
125760 0.0009791537
125820 0.0009768489
125880 0.0009745442
125940 0.0009722394
126000 0.0009699347
126060 0.00096763
126120 0.0009653252
126180 0.0009630205
126240 0.0009607157
126300 0.000958411
126360 0.0009561062
126420 0.0009538015
126480 0.0009514968
126540 0.000949192
126600 0.0009468873
126660 0.0009445825
126720 0.0009422778
126780 0.000939973
126840 0.0009376683
126900 0.0009353635
126960 0.0009330588
127020 0.0009307541
127080 0.0009284493
127140 0.0009261446
127200 0.0009238398
127260 0.0009215351
127320 0.0009192303
127380 0.0009169256
127440 0.0009146209
127500 0.0009123161
127560 0.0009100114
127620 0.0009077066
127680 0.0009054019
127740 0.0009030971
127800 0.0009007924
127860 0.0008984876
127920 0.0008961829
127980 0.0008938782
128040 0.0008915734
128100 0.0008892687
128160 0.0008869639
128220 0.0008846592
128280 0.0008823544
128340 0.0008800497
128400 0.0008777449
128460 0.0008754402
128520 0.0008731355
128580 0.0008708307
128640 0.000868526
128700 0.0008662212
128760 0.0008639165
128820 0.0008616117
128880 0.000859307
128940 0.0008570049
129000 0.0008547038
129060 0.0008524026
129120 0.0008501015
129180 0.0008478003
129240 0.0008454992
129300 0.0008431981
129360 0.0008408969
129420 0.0008385958
129480 0.0008362946
129540 0.0008339935
129600 0.0008316924
129660 0.0008293912
129720 0.0008270901
129780 0.0008247889
129840 0.0008224878
129900 0.0008201866
129960 0.0008178855
130020 0.0008155844
130080 0.0008132832
130140 0.0008109821
130200 0.0008086809
130260 0.0008063798
130320 0.0008040787
130380 0.0008017775
130440 0.0007994764
130500 0.0007971752
130560 0.0007948741
130620 0.000792573
130680 0.0007902718
130740 0.0007879707
130800 0.0007856695
130860 0.0007833684
130920 0.0007810672
130980 0.0007787661
131040 0.000776465
131100 0.0007741638
131160 0.0007718627
131220 0.0007695615
131280 0.0007672604
131340 0.0007649593
131400 0.0007626581
131460 0.000760357
131520 0.0007580558
131580 0.0007557547
131640 0.0007534536
131700 0.0007511524
131760 0.0007488513
131820 0.0007465501
131880 0.000744249
131940 0.0007419478
132000 0.0007396467
132060 0.0007373456
132120 0.0007350444
132180 0.0007327433
132240 0.0007304421
132300 0.000728141
132360 0.0007258399
132420 0.0007235387
132480 0.0007212376
132540 0.0007189364
132600 0.0007166353
132660 0.0007143342
132720 0.000712033
132780 0.0007097319
132840 0.0007074307
132900 0.0007051296
132960 0.0007028284
133020 0.0007005273
133080 0.0006982262
133140 0.000695925
133200 0.0006936239
133260 0.0006913227
133320 0.0006891894
133380 0.0006871427
133440 0.000685096
133500 0.0006830492
133560 0.0006810025
133620 0.0006789558
133680 0.000676909
133740 0.0006748623
133800 0.0006728156
133860 0.0006707688
133920 0.0006687221
133980 0.0006666754
134040 0.0006646286
134100 0.0006625819
134160 0.0006605352
134220 0.0006584884
134280 0.0006564417
134340 0.000654395
134400 0.0006523482
134460 0.0006503015
134520 0.0006482548
134580 0.0006462081
134640 0.0006441613
134700 0.0006421146
134760 0.0006400679
134820 0.0006380211
134880 0.0006359744
134940 0.0006339277
135000 0.0006318809
135060 0.0006298342
135120 0.0006277875
135180 0.0006257407
135240 0.000623694
135300 0.0006216473
135360 0.0006196005
135420 0.0006175538
135480 0.0006155071
135540 0.0006134603
135600 0.0006114136
135660 0.0006093669
135720 0.0006073201
135780 0.0006052734
135840 0.0006032267
135900 0.0006011799
135960 0.0005991332
136020 0.0005970865
136080 0.0005950397
136140 0.000592993
136200 0.0005909463
136260 0.0005888995
136320 0.0005868528
136380 0.0005848061
136440 0.0005827593
136500 0.0005807126
136560 0.0005786659
136620 0.0005766191
136680 0.0005745724
136740 0.0005725257
136800 0.000570479
136860 0.0005684322
136920 0.0005663855
136980 0.0005643388
137040 0.000562292
137100 0.0005602453
137160 0.0005581986
137220 0.0005561518
137280 0.0005541051
137340 0.0005520584
137400 0.0005500116
137460 0.0005479649
137520 0.0005459182
137580 0.0005438714
137640 0.0005418247
137700 0.000539778
137760 0.0005377312
137820 0.0005356845
137880 0.0005336378
137940 0.000531591
138000 0.0005295443
138060 0.0005274976
138120 0.0005254508
138180 0.0005234041
138240 0.0005213574
138300 0.0005193106
138360 0.0005172639
138420 0.0005152172
138480 0.0005131704
138540 0.0005111237
138600 0.000509077
138660 0.0005070302
138720 0.0005049835
138780 0.0005029368
138840 0.0005008901
138900 0.0004988433
138960 0.0004967966
139020 0.0004947499
139080 0.0004927031
139140 0.0004906564
139200 0.0004886097
139260 0.0004865629
139320 0.0004845162
139380 0.0004824695
139440 0.0004804227
139500 0.000478376
139560 0.0004763293
139620 0.0004742825
139680 0.0004722358
139740 0.0004701891
139800 0.0004681423
139860 0.0004660956
139920 0.0004640489
139980 0.0004620021
140040 0.0004599554
140100 0.0004579087
140160 0.0004558619
140220 0.0004538152
140280 0.0004517685
140340 0.0004497217
140400 0.000447675
140460 0.0004456283
140520 0.0004435815
140580 0.0004415348
140640 0.0004394881
140700 0.0004374413
140760 0.0004353946
140820 0.0004333479
140880 0.0004313011
140940 0.0004292544
141000 0.0004272077
141060 0.000425161
141120 0.0004231142
141180 0.0004210675
141240 0.0004190208
141300 0.000416974
141360 0.0004149273
141420 0.0004128806
141480 0.0004108338
141540 0.0004087871
141600 0.0004067404
141660 0.0004046936
141720 0.0004026469
141780 0.0004006002
141840 0.0003985534
141900 0.0003965067
141960 0.00039446
142020 0.0003924132
142080 0.0003903665
142140 0.0003883198
142200 0.000386273
142260 0.0003842263
142320 0.0003821796
142380 0.0003801328
142440 0.0003780861
142500 0.0003760394
142560 0.0003739926
142620 0.0003719459
142680 0.0003698992
142740 0.0003678524
142800 0.0003658057
142860 0.000363759
142920 0.0003617122
142980 0.0003596655
143040 0.0003576188
143100 0.000355572
143160 0.0003535253
143220 0.0003514786
143280 0.0003494319
143340 0.0003473851
143400 0.0003453384
143460 0.0003432917
143520 0.0003412449
143580 0.0003391982
143640 0.0003371515
143700 0.0003351047
143760 0.000333058
143820 0.0003310113
143880 0.0003289645
143940 0.0003269178
144000 0.0003248711
144060 0.0003228243
144120 0.0003207776
144180 0.0003187309
144240 0.0003166841
144300 0.0003146374
144360 0.0003125907
144420 0.0003105439
144480 0.0003084972
144540 0.0003064505
144600 0.0003044037
144660 0.000302357
144720 0.0003003103
144780 0.0002982635
144840 0.0002962168
144900 0.0002941701
144960 0.0002921233
145020 0.0002900766
145080 0.0002880299
145140 0.0002859831
145200 0.0002839364
145260 0.0002818897
145320 0.0002798429
145380 0.0002777962
145440 0.0002757495
145500 0.0002737028
145560 0.000271656
145620 0.0002696093
145680 0.0002675626
145740 0.0002655158
145800 0.0002634691
145860 0.0002614224
145920 0.0002593756
145980 0.0002573289
146040 0.0002552822
146100 0.0002532354
146160 0.0002511887
146220 0.000249142
146280 0.0002470952
146340 0.0002450485
146400 0.0002430018
146460 0.0002412785
146520 0.0002399813
146580 0.0002386841
146640 0.0002373869
146700 0.0002360897
146760 0.0002347925
146820 0.0002334953
146880 0.0002321981
146940 0.000230901
147000 0.0002296038
147060 0.0002283066
147120 0.0002270094
147180 0.0002257122
147240 0.000224415
147300 0.0002231178
147360 0.0002218206
147420 0.0002205234
147480 0.0002192262
147540 0.000217929
147600 0.0002166318
147660 0.0002153346
147720 0.0002140374
147780 0.0002127402
147840 0.000211443
147900 0.0002101458
147960 0.0002088486
148020 0.0002075514
148080 0.0002062542
148140 0.000204957
148200 0.0002036598
148260 0.0002023626
148320 0.0002010654
148380 0.0001997682
148440 0.000198471
148500 0.0001971738
148560 0.0001958766
148620 0.0001945795
148680 0.0001932823
148740 0.0001919851
148800 0.0001906879
148860 0.0001893907
148920 0.0001880935
148980 0.0001867963
149040 0.0001854991
149100 0.0001842019
149160 0.0001829047
149220 0.0001816075
149280 0.0001803103
149340 0.0001790131
149400 0.0001777159
149460 0.0001764187
149520 0.0001751215
149580 0.0001738243
149640 0.0001725271
149700 0.0001712299
149760 0.0001699327
149820 0.0001686355
149880 0.0001673383
149940 0.0001660411
150000 0.0001647439
150060 0.0001634467
150120 0.0001621495
150180 0.0001608523
150240 0.0001595552
150300 0.000158258
150360 0.0001569608
150420 0.0001556636
150480 0.0001543664
150540 0.0001530692
150600 0.000151772
150660 0.0001504748
150720 0.0001491776
150780 0.0001478804
150840 0.0001465832
150900 0.000145286
150960 0.0001439888
151020 0.0001426916
151080 0.0001413944
151140 0.0001400972
151200 0.0001388
151260 0.0001375028
151320 0.0001362056
151380 0.0001349084
151440 0.0001336112
151500 0.000132314
151560 0.0001310168
151620 0.0001297196
151680 0.0001284224
151740 0.0001271252
151800 0.000125828
151860 0.0001245308
151920 0.0001232337
151980 0.0001219365
152040 0.0001206393
152100 0.0001193421
152160 0.0001180449
152220 0.0001167477
152280 0.0001154505
152340 0.0001141533
152400 0.0001128561
152460 0.0001115589
152520 0.0001102617
152580 0.0001089645
152640 0.0001076673
152700 0.0001063701
152760 0.0001050729
152820 0.0001037757
152880 0.0001024785
152940 0.0001011813
153000 9.98841192357011E-05
153060 9.85869228819907E-05
153120 9.72897265282803E-05
153180 9.59925301745697E-05
153240 9.46953338208593E-05
153300 9.33981374671489E-05
153360 9.21009411134385E-05
153420 9.08037447597281E-05
153480 8.95065484060177E-05
153540 8.82093520523074E-05
153600 8.6912155698597E-05
153660 8.5615E-05
153720 8.43177629911762E-05
153780 8.30205666374658E-05
153840 8.17233702837554E-05
153900 8.04261739300451E-05
153960 7.9129E-05
154020 7.78317812226243E-05
154080 7.65345848689139E-05
154140 7.52373885152035E-05
154200 7.39401921614931E-05
154260 7.2643E-05
154320 7.1345799454072E-05
154380 7.00486031003617E-05
154440 6.87514067466513E-05
154500 6.74542103929409E-05
154560 6.6157E-05
154620 6.48598176855201E-05
154680 6.35626213318097E-05
154740 6.22654249780994E-05
154800 6.0968228624389E-05
154860 5.9671E-05
154920 5.83738359169682E-05
154980 5.70766395632578E-05
155040 5.57794432095474E-05
155100 5.44822468558371E-05
155160 5.31850505021267E-05
155220 5.1887854148416E-05
155280 5.05906577947059E-05
155340 4.92934614409952E-05
155400 4.79962650872848E-05
155460 4.66990687335744E-05
155520 4.54018723798641E-05
155580 4.41046760261537E-05
155640 4.28074796724433E-05
155700 4.15102833187329E-05
155760 4.02130869650225E-05
155820 3.89158906113121E-05
155880 3.76186942576018E-05
155940 3.63214979038914E-05
156000 3.5024301550181E-05
156060 3.37271051964706E-05
156120 3.24299088427602E-05
156180 3.11327124890498E-05
156240 2.98355161353391E-05
156300 2.85383197816288E-05
156360 2.72411234279184E-05
156420 2.5943927074208E-05
156480 2.46467307204976E-05
156540 2.33495343667872E-05
156600 2.20523380130768E-05
156660 2.07551416593665E-05
156720 1.94579453056561E-05
156780 1.81607489519457E-05
156840 1.68635525982353E-05
156900 1.55663562445249E-05
156960 1.42691598908145E-05
157020 1.2972E-05
157080 1.16747671833938E-05
157140 1.03775708296834E-05
157200 9.080374475973E-06
157260 7.7831781222623E-06
157320 6.486E-06
157380 5.18878541484154E-06
157440 3.89158906113115E-06
157500 2.59439270742077E-06
157560 1.29719635371038E-06
157620 0
