# time [s],mass_flux [gH2O/s]
0.000000000000000000e+00 5.164983932024793252e-05
6.000000000000000000e+01 5.060533948369946709e-05
1.200000000000000000e+02 4.759264642882806291e-05
1.800000000000000000e+02 4.293530841633386863e-05
2.400000000000000000e+02 3.697750950696019061e-05
3.000000000000000000e+02 3.028901634278014722e-05
3.600000000000000000e+02 2.356599512455039849e-05
4.200000000000000000e+02 1.762763858895270223e-05
4.800000000000000000e+02 1.321206695166244686e-05
5.400000000000000000e+02 1.114557049830706552e-05
6.000000000000000000e+02 1.191624024194671698e-05
6.600000000000000000e+02 1.289332933210457465e-05
7.200000000000000000e+02 1.251396739887303650e-05
7.800000000000000000e+02 1.207463680061004082e-05
8.400000000000000000e+02 1.164554683352470100e-05
9.000000000000000000e+02 1.114905466184345114e-05
9.600000000000000000e+02 1.065630853708937202e-05
1.020000000000000000e+03 1.020299148430254196e-05
1.080000000000000000e+03 9.774003422542236464e-06
1.140000000000000000e+03 9.325612210468505942e-06
1.200000000000000000e+03 8.904145880869277302e-06
1.260000000000000000e+03 8.518512533529805014e-06
1.320000000000000000e+03 8.141428633800379739e-06
1.380000000000000000e+03 7.759884277833370786e-06
1.440000000000000000e+03 7.402533161423909680e-06
1.500000000000000000e+03 7.073906614775531301e-06
1.560000000000000000e+03 6.772651101705564830e-06
1.620000000000000000e+03 6.481045265227756630e-06
1.680000000000000000e+03 6.203404339608318249e-06
1.740000000000000000e+03 5.944184441396156015e-06
1.800000000000000000e+03 5.699847295647398482e-06
1.860000000000000000e+03 5.461752120612557196e-06
1.920000000000000000e+03 5.228049451554486918e-06
1.980000000000000000e+03 4.966797397396490418e-06
2.040000000000000000e+03 4.704470774038553221e-06
2.100000000000000000e+03 4.479582904294797205e-06
2.160000000000000000e+03 4.279116139373206556e-06
2.220000000000000000e+03 4.077870339872525712e-06
2.280000000000000000e+03 3.889178914338297680e-06
2.340000000000000000e+03 3.722678589086064579e-06
2.400000000000000000e+03 3.584796622971749437e-06
2.460000000000000000e+03 3.477096158637296538e-06
2.520000000000000000e+03 3.374117363200377930e-06
2.580000000000000000e+03 3.232070819433075733e-06
2.640000000000000000e+03 3.068958938024871944e-06
2.700000000000000000e+03 2.912543124023817941e-06
2.760000000000000000e+03 2.775514764073496334e-06
2.820000000000000000e+03 2.658114037380523202e-06
2.880000000000000000e+03 2.550639827409000376e-06
2.940000000000000000e+03 2.440119504634278774e-06
3.000000000000000000e+03 2.331513581430369464e-06
3.060000000000000000e+03 2.228376779995812870e-06
3.120000000000000000e+03 2.145919456405844322e-06
3.180000000000000000e+03 2.103652909264096864e-06
3.240000000000000000e+03 2.074192271870935793e-06
3.300000000000000000e+03 2.009853028625205487e-06
3.360000000000000000e+03 1.922393355067072031e-06
3.420000000000000000e+03 1.837373636477448175e-06
3.480000000000000000e+03 1.755813166902491471e-06
3.540000000000000000e+03 1.670762176172665938e-06
3.600000000000000000e+03 1.587085680550155263e-06
3.660000000000000000e+03 1.500491795245265018e-06
3.720000000000000000e+03 1.423241136759220746e-06
3.780000000000000000e+03 1.376019139260817230e-06
3.840000000000000000e+03 1.340760102523652546e-06
3.900000000000000000e+03 1.288975393761576702e-06
3.960000000000000000e+03 1.233851582917166927e-06
4.020000000000000000e+03 1.194170206982036934e-06
4.080000000000000000e+03 1.170389186395601231e-06
4.140000000000000000e+03 1.159074777138761499e-06
4.200000000000000000e+03 1.151242398835424514e-06
4.260000000000000000e+03 1.137078424038109881e-06
4.320000000000000000e+03 1.112993567810767904e-06
4.380000000000000000e+03 1.064686458589897411e-06
4.440000000000000000e+03 1.011681608958925338e-06
4.500000000000000000e+03 9.836893518841427486e-07
4.560000000000000000e+03 9.621969130569943046e-07
4.620000000000000000e+03 9.292360432356279634e-07
4.680000000000000000e+03 8.918756562849526646e-07
4.740000000000000000e+03 8.445408669714252764e-07
4.800000000000000000e+03 7.958852926674928624e-07
4.860000000000000000e+03 7.639316150585134801e-07
4.920000000000000000e+03 7.437992592102445247e-07
4.980000000000000000e+03 7.234289255295123021e-07
5.040000000000000000e+03 7.105956189788533064e-07
5.100000000000000000e+03 7.218228904686680304e-07
5.160000000000000000e+03 7.417676249438694740e-07
5.220000000000000000e+03 7.448717703540293191e-07
5.280000000000000000e+03 7.340977356476199294e-07
5.340000000000000000e+03 7.155038314936301501e-07
5.400000000000000000e+03 6.931940404000571213e-07
5.460000000000000000e+03 6.707505788243935299e-07
5.520000000000000000e+03 6.527523645069819531e-07
5.580000000000000000e+03 6.427875931600222099e-07
5.640000000000000000e+03 6.294348537867987079e-07
5.700000000000000000e+03 6.078131930889463241e-07
5.760000000000000000e+03 5.823561004603590409e-07
5.820000000000000000e+03 5.459463521663664197e-07
5.880000000000000000e+03 5.077023653136484946e-07
5.940000000000000000e+03 4.862964565841704223e-07
6.000000000000000000e+03 4.746727139820494656e-07
6.060000000000000000e+03 4.546265327992164103e-07
6.120000000000000000e+03 4.348628843650845911e-07
6.180000000000000000e+03 4.430948753264320798e-07
6.240000000000000000e+03 4.666553227052524388e-07
6.300000000000000000e+03 4.812015170032925674e-07
6.360000000000000000e+03 4.884298700564421381e-07
6.420000000000000000e+03 4.704090744449042847e-07
6.480000000000000000e+03 4.304249692901884961e-07
6.540000000000000000e+03 4.043883359767149409e-07
6.600000000000000000e+03 3.963785405914262542e-07
6.660000000000000000e+03 3.918838598479754916e-07
6.720000000000000000e+03 3.873421476401535994e-07
6.780000000000000000e+03 3.797466751439410249e-07
6.840000000000000000e+03 3.677337936132165095e-07
6.900000000000000000e+03 3.531176712551903246e-07
6.960000000000000000e+03 3.443659894961555454e-07
7.020000000000000000e+03 3.484909079995666672e-07
7.080000000000000000e+03 3.567357460500473427e-07
7.140000000000000000e+03 3.600638469897915472e-07
7.200000000000000000e+03 3.648048065834491593e-07
7.260000000000000000e+03 3.861186932433332324e-07
7.320000000000000000e+03 4.027646669833619735e-07
7.380000000000000000e+03 3.807410432012797824e-07
7.440000000000000000e+03 3.390608472493561454e-07
7.500000000000000000e+03 3.033931745083373387e-07
7.560000000000000000e+03 2.835585317241077648e-07
7.620000000000000000e+03 2.836363423107853709e-07
7.680000000000000000e+03 2.767033174995899300e-07
7.740000000000000000e+03 2.490232372120056551e-07
7.800000000000000000e+03 2.218314609265155782e-07
7.860000000000000000e+03 1.999749352795306579e-07
7.920000000000000000e+03 1.834070186363991549e-07
7.980000000000000000e+03 1.798739662245418919e-07
8.040000000000000000e+03 1.870966323920068343e-07
8.100000000000000000e+03 2.009793471103212543e-07
8.160000000000000000e+03 2.205816530883910327e-07
8.220000000000000000e+03 2.439615131741753366e-07
8.280000000000000000e+03 2.681800112194996913e-07
8.340000000000000000e+03 2.926224074681580535e-07
8.400000000000000000e+03 3.084632740906386287e-07
8.460000000000000000e+03 3.094134999875643452e-07
8.520000000000000000e+03 3.042865430113543048e-07
8.580000000000000000e+03 2.881893594975509575e-07
8.640000000000000000e+03 2.568143511960663049e-07
8.700000000000000000e+03 2.162833304261239433e-07
8.760000000000000000e+03 1.802632370067012651e-07
8.820000000000000000e+03 1.668353413085641939e-07
8.880000000000000000e+03 1.659237885283150916e-07
8.940000000000000000e+03 1.561501240658393467e-07
9.000000000000000000e+03 1.470982756265198868e-07
9.060000000000000000e+03 1.611489999883003401e-07
9.120000000000000000e+03 1.895557290058450863e-07
9.180000000000000000e+03 2.106034327145853984e-07
9.240000000000000000e+03 2.246617816309415314e-07
9.300000000000000000e+03 2.385334952082855389e-07
9.360000000000000000e+03 2.520775019827318660e-07
9.420000000000000000e+03 2.655451829508548195e-07
9.480000000000000000e+03 2.742906962732947436e-07
9.540000000000000000e+03 2.678079272161922540e-07
9.600000000000000000e+03 2.489826149604940192e-07
9.660000000000000000e+03 2.299798569579264535e-07
9.720000000000000000e+03 2.203318485972938276e-07
9.780000000000000000e+03 2.228977577706237004e-07
9.840000000000000000e+03 2.254079675662046150e-07
9.900000000000000000e+03 2.187064655121094155e-07
9.960000000000000000e+03 2.034461428059251344e-07
1.002000000000000000e+04 1.824516046011285535e-07
1.008000000000000000e+04 1.668574295866457723e-07
1.014000000000000000e+04 1.717057750147873095e-07
1.020000000000000000e+04 1.813073710472725309e-07
1.026000000000000000e+04 1.671497137390824121e-07
1.032000000000000000e+04 1.435435878252335374e-07
1.038000000000000000e+04 1.349300767554406697e-07
1.044000000000000000e+04 1.348663744614221955e-07
1.050000000000000000e+04 1.378812151246513021e-07
1.056000000000000000e+04 1.419366985845836254e-07
1.062000000000000000e+04 1.266201548195724115e-07
1.068000000000000000e+04 1.018721801771908273e-07
1.074000000000000000e+04 1.056927986879905610e-07
1.080000000000000000e+04 1.287125562130416240e-07
1.086000000000000000e+04 1.415285785288933287e-07
1.092000000000000000e+04 1.473109032455038774e-07
1.098000000000000000e+04 1.499830345050532859e-07
1.104000000000000000e+04 1.500879208615977727e-07
1.110000000000000000e+04 1.558407735232035126e-07
1.116000000000000000e+04 1.626659309484264899e-07
1.122000000000000000e+04 1.688768932290215025e-07
1.128000000000000000e+04 1.700158985151745234e-07
1.134000000000000000e+04 1.438472400165878181e-07
1.140000000000000000e+04 1.067724127046948412e-07
1.146000000000000000e+04 9.234168168251639962e-08
1.152000000000000000e+04 9.097836543500714690e-08
1.158000000000000000e+04 9.376407389648233879e-08
1.164000000000000000e+04 1.003956708215542113e-07
1.170000000000000000e+04 9.621116040421650874e-08
1.176000000000000000e+04 9.102128078660361981e-08
1.182000000000000000e+04 1.054904842809808091e-07
1.188000000000000000e+04 1.179413706830824834e-07
1.194000000000000000e+04 1.104407636994218291e-07
1.200000000000000000e+04 1.028581956184770938e-07
1.206000000000000000e+04 9.456954790920216488e-08
1.212000000000000000e+04 8.408930506770273539e-08
1.218000000000000000e+04 8.847111947138386069e-08
1.224000000000000000e+04 1.024871607081580785e-07
1.230000000000000000e+04 1.241147089379076144e-07
1.236000000000000000e+04 1.476824483719977815e-07
1.242000000000000000e+04 1.486693695889699681e-07
1.248000000000000000e+04 1.390861412793366834e-07
1.254000000000000000e+04 1.437192908162789390e-07
1.260000000000000000e+04 1.481947553891767745e-07
1.266000000000000000e+04 1.271409635023266539e-07
1.272000000000000000e+04 9.405628925568398383e-08
1.278000000000000000e+04 8.738401848368271539e-08
1.284000000000000000e+04 1.108508386226299767e-07
1.290000000000000000e+04 1.422805430725352812e-07
1.296000000000000000e+04 1.630663175285670062e-07
1.302000000000000000e+04 1.671764340759052167e-07
1.308000000000000000e+04 1.594972577287819544e-07
1.314000000000000000e+04 1.396654526545961395e-07
1.320000000000000000e+04 1.220688517249851559e-07
1.326000000000000000e+04 1.302444324472370128e-07
1.332000000000000000e+04 1.452095415680152823e-07
1.338000000000000000e+04 1.383861956897695530e-07
1.344000000000000000e+04 1.139481792609975423e-07
1.350000000000000000e+04 7.849366155249226386e-08
1.356000000000000000e+04 5.131275455753925296e-08
1.362000000000000000e+04 5.922479512562399253e-08
1.368000000000000000e+04 8.507740149888328171e-08
1.374000000000000000e+04 9.320721769540130627e-08
1.380000000000000000e+04 9.184972591912143351e-08
1.386000000000000000e+04 1.139977732638602888e-07
1.392000000000000000e+04 1.384358355544420055e-07
1.398000000000000000e+04 1.305228834790293281e-07
1.404000000000000000e+04 1.139466887461100975e-07
1.410000000000000000e+04 1.065210489084820577e-07
1.416000000000000000e+04 9.935185781376661427e-08
1.422000000000000000e+04 9.265633501692275569e-08
1.428000000000000000e+04 8.838917557249525991e-08
1.434000000000000000e+04 1.030154964897639385e-07
1.440000000000000000e+04 1.217491994343529841e-07
1.446000000000000000e+04 9.142512421301171280e-08
1.452000000000000000e+04 3.079338089598722824e-08
1.458000000000000000e+04 -6.586571923520671151e-09
1.464000000000000000e+04 -2.125151436332036454e-08
1.470000000000000000e+04 -2.658968870315285207e-08
1.476000000000000000e+04 -2.805500200174504278e-08
1.482000000000000000e+04 -3.639934909015670060e-08
1.488000000000000000e+04 -3.538618908553725893e-08
1.494000000000000000e+04 -8.185756350531647740e-09
1.500000000000000000e+04 2.236852882850359703e-08
1.506000000000000000e+04 3.982579532014566420e-08
1.512000000000000000e+04 5.840274200560417585e-08
1.518000000000000000e+04 8.157758756057361919e-08
1.524000000000000000e+04 1.072426413528439728e-07
1.530000000000000000e+04 1.422827272492173887e-07
1.536000000000000000e+04 1.765149141788833480e-07
1.542000000000000000e+04 2.066226354942533427e-07
1.548000000000000000e+04 2.209941758951616766e-07
1.554000000000000000e+04 1.791284567547596404e-07
1.560000000000000000e+04 1.180702657864694360e-07
1.566000000000000000e+04 1.127184647035002956e-07
1.572000000000000000e+04 1.277193232406687029e-07
1.578000000000000000e+04 1.016843122942506757e-07
1.584000000000000000e+04 5.412743059295584290e-08
1.590000000000000000e+04 2.465940942067423869e-08
1.596000000000000000e+04 1.713609502317081712e-08
1.602000000000000000e+04 1.840835803431732158e-08
1.608000000000000000e+04 2.285087077232017671e-08
1.614000000000000000e+04 4.382635905679499190e-08
1.620000000000000000e+04 7.360429258087645690e-08
1.626000000000000000e+04 7.633014542131333346e-08
1.632000000000000000e+04 6.039638535150030369e-08
1.638000000000000000e+04 5.881810825521712070e-08
1.644000000000000000e+04 6.755642124635363468e-08
1.650000000000000000e+04 6.349971671063455178e-08
1.656000000000000000e+04 5.012223479791226147e-08
1.662000000000000000e+04 4.974105292399981218e-08
1.668000000000000000e+04 7.600825162589845145e-08
1.674000000000000000e+04 1.318558792229075966e-07
1.680000000000000000e+04 1.762893076187136809e-07
1.686000000000000000e+04 1.749476726241779574e-07
1.692000000000000000e+04 1.555428024847353315e-07
1.698000000000000000e+04 1.310193222501393579e-07
1.704000000000000000e+04 8.768538904274647285e-08
1.710000000000000000e+04 3.042664554602873277e-08
1.716000000000000000e+04 -1.786272082078081140e-08
1.722000000000000000e+04 -4.469332825507895000e-08
1.728000000000000000e+04 -6.167540154110306982e-08
1.734000000000000000e+04 -8.173309408119703318e-08
1.740000000000000000e+04 -8.369213456080327159e-08
1.746000000000000000e+04 -2.388283992284708563e-08
1.752000000000000000e+04 5.964591132158933132e-08
1.758000000000000000e+04 8.976732243833514544e-08
1.764000000000000000e+04 8.281524197390384974e-08
1.770000000000000000e+04 8.911251077279672447e-08
1.776000000000000000e+04 9.641009248925747066e-08
1.782000000000000000e+04 6.953507918893800684e-08
1.788000000000000000e+04 2.520036871157815695e-08
1.794000000000000000e+04 -2.002543436768755437e-08
1.800000000000000000e+04 -5.785909405475742327e-08
1.806000000000000000e+04 -6.940909631966233357e-08
1.812000000000000000e+04 -5.165007517735538819e-08
1.818000000000000000e+04 -2.388967908564798487e-09
1.824000000000000000e+04 5.625841911378419017e-08
1.830000000000000000e+04 9.611162270113660354e-08
1.836000000000000000e+04 1.233059901898046211e-07
1.842000000000000000e+04 1.511966457741718447e-07
1.848000000000000000e+04 1.773633608708376770e-07
1.854000000000000000e+04 2.043082563677143742e-07
1.860000000000000000e+04 2.131492084771202772e-07
1.866000000000000000e+04 1.627098094018434692e-07
1.872000000000000000e+04 9.334738911397077480e-08
1.878000000000000000e+04 6.083113975538975132e-08
1.884000000000000000e+04 3.728142408052082233e-08
1.890000000000000000e+04 1.017176367694901492e-08
1.896000000000000000e+04 -1.680899015578848081e-09
1.902000000000000000e+04 -3.759387029918700125e-09
1.908000000000000000e+04 -4.401133762987896603e-09
1.914000000000000000e+04 -1.250111673669248224e-09
1.920000000000000000e+04 2.763453934203259902e-09
1.926000000000000000e+04 1.957494930500865501e-08
1.932000000000000000e+04 4.714210592391317464e-08
1.938000000000000000e+04 4.426917943588700439e-08
1.944000000000000000e+04 1.966262021801482921e-08
1.950000000000000000e+04 8.598244761320873004e-09
1.956000000000000000e+04 7.799306081177070915e-09
1.962000000000000000e+04 1.850083872351193516e-08
1.968000000000000000e+04 3.684441670729251136e-08
1.974000000000000000e+04 3.670645812916632227e-08
1.980000000000000000e+04 3.459371121170469751e-08
1.986000000000000000e+04 6.217572711420446233e-08
1.992000000000000000e+04 9.847683983670954851e-08
1.998000000000000000e+04 1.262113525643306428e-07
2.004000000000000000e+04 1.398577003556879589e-07
2.010000000000000000e+04 1.223372704469566469e-07
2.016000000000000000e+04 9.351276169337433305e-08
2.022000000000000000e+04 7.852210171579535884e-08
2.028000000000000000e+04 6.817348276721516571e-08
2.034000000000000000e+04 6.793163532976820560e-08
2.040000000000000000e+04 6.622174007602417709e-08
2.046000000000000000e+04 1.769957254776447978e-08
2.052000000000000000e+04 -4.061503992361381731e-08
2.058000000000000000e+04 -4.022879030081878979e-08
2.064000000000000000e+04 -9.351224000813302929e-09
2.070000000000000000e+04 1.039578799919005403e-08
2.076000000000000000e+04 1.898147230956770338e-08
2.082000000000000000e+04 2.028914650534693116e-08
2.088000000000000000e+04 3.068952070250929864e-08
2.094000000000000000e+04 6.619902692892031840e-08
2.100000000000000000e+04 1.052111561391140956e-07
2.106000000000000000e+04 1.203569557414509712e-07
2.112000000000000000e+04 1.151844578139068099e-07
2.118000000000000000e+04 9.499727396366138815e-08
2.124000000000000000e+04 7.087357263753831247e-08
2.130000000000000000e+04 6.106752388247704568e-08
2.136000000000000000e+04 5.635619112996185646e-08
2.142000000000000000e+04 3.935677054904089247e-08
2.148000000000000000e+04 1.013147392266155955e-08
2.154000000000000000e+04 -3.230228600899683210e-08
2.160000000000000000e+04 -5.855249284684542058e-08
2.166000000000000000e+04 -1.875223691744087740e-08
2.172000000000000000e+04 4.575514209205026729e-08
2.178000000000000000e+04 6.074920158964657894e-08
2.184000000000000000e+04 4.563616464205166735e-08
2.190000000000000000e+04 4.376018594697920752e-08
2.196000000000000000e+04 5.060492643931454311e-08
2.202000000000000000e+04 6.312455995439539852e-08
2.208000000000000000e+04 7.636106213124623770e-08
2.214000000000000000e+04 6.298744408966827370e-08
2.220000000000000000e+04 3.403631040020209100e-08
2.226000000000000000e+04 1.244656964276743201e-08
2.232000000000000000e+04 -1.126330180743299487e-09
2.238000000000000000e+04 8.280908500117127569e-09
2.244000000000000000e+04 3.078990111806308315e-08
2.250000000000000000e+04 2.861221936658701407e-08
2.256000000000000000e+04 1.304487361198277303e-08
2.262000000000000000e+04 2.180485638968628489e-08
2.268000000000000000e+04 4.864466488415283136e-08
2.274000000000000000e+04 7.454998387559456114e-08
2.280000000000000000e+04 8.447357689317369369e-08
2.286000000000000000e+04 5.608116254799307694e-08
2.292000000000000000e+04 2.565609350697884005e-08
2.298000000000000000e+04 4.196026935134970616e-08
2.304000000000000000e+04 7.252317658345644765e-08
2.310000000000000000e+04 9.057428696571112338e-08
2.316000000000000000e+04 9.700227961625488035e-08
2.322000000000000000e+04 6.576876699892117121e-08
2.328000000000000000e+04 2.174763783282610768e-08
2.334000000000000000e+04 1.306038069533166368e-08
2.340000000000000000e+04 2.725000953958852386e-08
2.346000000000000000e+04 5.640857124710370869e-08
2.352000000000000000e+04 8.658479316685230298e-08
2.358000000000000000e+04 8.286801765020982706e-08
2.364000000000000000e+04 6.681918986439309431e-08
2.370000000000000000e+04 6.843729809247189877e-08
2.376000000000000000e+04 6.859286193946120517e-08
2.382000000000000000e+04 6.379641507893903129e-08
2.388000000000000000e+04 6.677258262375677382e-08
2.394000000000000000e+04 6.197715619246184338e-08
2.400000000000000000e+04 5.141984228881439480e-08
2.406000000000000000e+04 5.947697870693306589e-08
2.412000000000000000e+04 7.303577596988926356e-08
2.418000000000000000e+04 7.239429867673026508e-08
2.424000000000000000e+04 6.324985489305582106e-08
2.430000000000000000e+04 5.399542260716335149e-08
2.436000000000000000e+04 5.654832990880746394e-08
2.442000000000000000e+04 7.959836780859393399e-08
2.448000000000000000e+04 9.580952408475932077e-08
2.454000000000000000e+04 7.936187475891346185e-08
2.460000000000000000e+04 4.163016626100116840e-08
2.466000000000000000e+04 -1.327690658294485467e-08
2.472000000000000000e+04 -6.126640437314109216e-08
2.478000000000000000e+04 -6.583558790814366662e-08
2.484000000000000000e+04 -4.399757903734980145e-08
2.490000000000000000e+04 -2.257984938215199936e-08
2.496000000000000000e+04 -9.439519785386004519e-09
2.502000000000000000e+04 -3.482071082860915823e-09
2.508000000000000000e+04 1.283587482148647770e-08
2.514000000000000000e+04 5.144774930509558445e-08
2.520000000000000000e+04 8.721782612184277579e-08
2.526000000000000000e+04 8.550656647281218966e-08
2.532000000000000000e+04 5.964632408042106764e-08
2.538000000000000000e+04 2.908980886208445416e-08
2.544000000000000000e+04 -6.316685613229807266e-10
2.550000000000000000e+04 -5.960727833195789138e-09
2.556000000000000000e+04 1.106615260942448757e-08
2.562000000000000000e+04 1.406887997548271067e-08
2.568000000000000000e+04 4.089220682091757581e-09
2.574000000000000000e+04 9.723428392310884405e-09
2.580000000000000000e+04 3.096282372577752449e-08
2.586000000000000000e+04 7.876436190964545298e-08
2.592000000000000000e+04 1.294814323634050851e-07
2.598000000000000000e+04 1.093915103138563329e-07
2.604000000000000000e+04 4.145757615224565916e-08
2.610000000000000000e+04 -7.806729988961886825e-09
2.616000000000000000e+04 -3.616856012467195701e-08
2.622000000000000000e+04 -3.929084394886650776e-08
2.628000000000000000e+04 -2.209399899514667213e-08
2.634000000000000000e+04 -2.682363641285286710e-08
2.640000000000000000e+04 -4.342700436962832055e-08
2.646000000000000000e+04 -3.437787898611747708e-08
2.652000000000000000e+04 -9.104991012647464094e-09
2.658000000000000000e+04 3.643538514358039143e-08
2.664000000000000000e+04 8.355171663224543752e-08
2.670000000000000000e+04 6.684517641098822490e-08
2.676000000000000000e+04 2.216363468506936033e-08
2.682000000000000000e+04 3.177871414200098836e-08
2.688000000000000000e+04 6.759731293685030921e-08
2.694000000000000000e+04 8.058823565866568297e-08
2.700000000000000000e+04 6.888212493473081527e-08
2.706000000000000000e+04 1.661231104355583374e-08
2.712000000000000000e+04 -3.032387457420348965e-08
2.718000000000000000e+04 -1.851889687778940405e-09
2.724000000000000000e+04 5.174379987237428254e-08
2.730000000000000000e+04 9.245514422893489630e-08
2.736000000000000000e+04 1.194269664432645542e-07
2.742000000000000000e+04 8.612752626184032026e-08
2.748000000000000000e+04 2.954807899792818023e-08
2.754000000000000000e+04 1.666004190379229562e-08
2.760000000000000000e+04 2.489949117064072092e-08
2.766000000000000000e+04 2.629160301044948875e-08
2.772000000000000000e+04 2.127872771699734634e-08
2.778000000000000000e+04 1.789861928854404457e-08
2.784000000000000000e+04 4.113940864347113693e-08
2.790000000000000000e+04 1.078037225897554521e-07
2.796000000000000000e+04 1.647940473628826507e-07
2.802000000000000000e+04 1.521956458909457072e-07
2.808000000000000000e+04 1.090159006698898594e-07
2.814000000000000000e+04 8.725257230682293129e-08
2.820000000000000000e+04 9.073838114215249107e-08
2.826000000000000000e+04 1.289749612838619885e-07
2.832000000000000000e+04 1.667018772044439319e-07
2.838000000000000000e+04 1.508771024046294201e-07
2.844000000000000000e+04 9.378943557382390939e-08
2.850000000000000000e+04 1.506086320923286863e-08
2.856000000000000000e+04 -4.607802191920751377e-08
2.862000000000000000e+04 -2.953162601115425849e-08
2.868000000000000000e+04 2.157962818970700711e-08
2.874000000000000000e+04 3.681428538369890680e-08
2.880000000000000000e+04 2.314796470059832311e-08
2.886000000000000000e+04 -9.151930752589651123e-09
2.892000000000000000e+04 -5.505468536996793859e-08
2.898000000000000000e+04 -8.920882093773249127e-08
2.904000000000000000e+04 -1.003260637958552941e-07
2.910000000000000000e+04 -1.072262915564429623e-07
2.916000000000000000e+04 -1.055577179474159770e-07
2.922000000000000000e+04 -8.391136630594523697e-08
2.928000000000000000e+04 -5.815190562095488693e-08
2.934000000000000000e+04 -1.082207513325439441e-08
2.940000000000000000e+04 5.206240880339478021e-08
2.946000000000000000e+04 6.740140201036414783e-08
2.952000000000000000e+04 5.209377266686872497e-08
2.958000000000000000e+04 6.014588719860843587e-08
2.964000000000000000e+04 7.906530824381789702e-08
2.970000000000000000e+04 9.798671855298924346e-08
2.976000000000000000e+04 1.022719476187946229e-07
2.982000000000000000e+04 4.827698363192578766e-08
2.988000000000000000e+04 -2.199758564168837401e-08
2.994000000000000000e+04 -4.524395295970688052e-08
3.000000000000000000e+04 -3.375667268860441810e-08
3.006000000000000000e+04 1.682666422100909176e-08
3.012000000000000000e+04 7.808845946452128723e-08
3.018000000000000000e+04 8.565641477128090064e-08
3.024000000000000000e+04 6.719898441436925889e-08
3.030000000000000000e+04 7.419180751757718773e-08
3.036000000000000000e+04 9.647476935138732125e-08
3.042000000000000000e+04 1.310400289355797166e-07
3.048000000000000000e+04 1.517216508269136793e-07
3.054000000000000000e+04 1.047541816032402761e-07
3.060000000000000000e+04 3.990487857802778999e-08
3.066000000000000000e+04 2.223586157562573717e-08
3.072000000000000000e+04 1.953635644485104124e-08
3.078000000000000000e+04 1.725194239213708520e-08
3.084000000000000000e+04 1.914292368926373688e-08
3.090000000000000000e+04 -5.942973513537822865e-09
3.096000000000000000e+04 -3.585012317598723762e-08
3.102000000000000000e+04 -2.852746068792340879e-08
3.108000000000000000e+04 -5.823096021345674724e-09
3.114000000000000000e+04 1.231705540176893550e-08
3.120000000000000000e+04 2.562528571963910367e-08
3.126000000000000000e+04 3.013303712939840874e-08
3.132000000000000000e+04 4.797598570221995027e-08
3.138000000000000000e+04 9.771396014025823806e-08
3.144000000000000000e+04 1.429963626407386106e-07
3.150000000000000000e+04 1.600230539019337153e-07
3.156000000000000000e+04 1.518211655992622144e-07
3.162000000000000000e+04 9.698657188727163032e-08
3.168000000000000000e+04 2.585935955044341987e-08
3.174000000000000000e+04 -1.336047858215006001e-08
3.180000000000000000e+04 -3.563947335328647151e-08
3.186000000000000000e+04 -5.363955081459648034e-08
3.192000000000000000e+04 -6.808669469569409455e-08
3.198000000000000000e+04 -8.997642441816351721e-08
3.204000000000000000e+04 -9.512502825055612647e-08
3.210000000000000000e+04 -4.483888272413527345e-08
3.216000000000000000e+04 2.907666940439128026e-08
3.222000000000000000e+04 7.689578992546575440e-08
3.228000000000000000e+04 9.838300048502686963e-08
3.234000000000000000e+04 9.860462278701853920e-08
3.240000000000000000e+04 8.520652591224401611e-08
3.246000000000000000e+04 8.624903758587542683e-08
3.252000000000000000e+04 9.737348077576424553e-08
3.258000000000000000e+04 7.401729120599017117e-08
3.264000000000000000e+04 1.931619026118713899e-08
3.270000000000000000e+04 -4.269383750652814694e-08
3.276000000000000000e+04 -8.539581551533318719e-08
3.282000000000000000e+04 -5.362177929654303301e-08
3.288000000000000000e+04 1.764416553915367498e-08
3.294000000000000000e+04 4.495448358658264280e-08
3.300000000000000000e+04 3.168830870712661400e-08
3.306000000000000000e+04 1.402825199024737601e-08
3.312000000000000000e+04 3.557410856401081216e-09
3.318000000000000000e+04 8.549029119920651879e-09
3.324000000000000000e+04 1.411610061885041660e-08
3.330000000000000000e+04 -2.298368707587724320e-08
3.336000000000000000e+04 -7.442643169160156361e-08
3.342000000000000000e+04 -9.027954346411496958e-08
3.348000000000000000e+04 -7.939445396491311125e-08
3.354000000000000000e+04 -2.923299570641024747e-08
3.360000000000000000e+04 3.435934501187787448e-08
3.366000000000000000e+04 3.554128284860106760e-08
3.372000000000000000e+04 1.121001018550745395e-08
3.378000000000000000e+04 3.123587450926575688e-08
3.384000000000000000e+04 7.186780310840709366e-08
3.390000000000000000e+04 1.213524646137784992e-07
3.396000000000000000e+04 1.554992106700866023e-07
3.402000000000000000e+04 1.081940997917316991e-07
3.408000000000000000e+04 3.161268229609030392e-08
3.414000000000000000e+04 1.366601111903638925e-09
3.420000000000000000e+04 -1.043607201836604969e-08
3.426000000000000000e+04 -2.096058887186835618e-08
3.432000000000000000e+04 -2.270183079173167736e-08
3.438000000000000000e+04 -2.281809665209688775e-08
3.444000000000000000e+04 -5.592266926387109112e-09
3.450000000000000000e+04 4.484110703156333482e-08
3.456000000000000000e+04 9.706735777092559722e-08
3.462000000000000000e+04 1.420662529555185290e-07
3.468000000000000000e+04 1.699304347103913653e-07
3.474000000000000000e+04 1.360289470754098342e-07
3.480000000000000000e+04 8.352672185100069890e-08
3.486000000000000000e+04 7.391975423327868098e-08
3.492000000000000000e+04 7.361660652310346421e-08
3.498000000000000000e+04 4.958173412649332099e-08
3.504000000000000000e+04 1.155348204340729931e-08
3.510000000000000000e+04 -3.184241643648204180e-08
3.516000000000000000e+04 -5.017331358217007166e-08
3.522000000000000000e+04 -1.179750792404399251e-08
3.528000000000000000e+04 4.450587313143313380e-08
3.534000000000000000e+04 7.509264006028137663e-08
3.540000000000000000e+04 8.280041135453238550e-08
3.546000000000000000e+04 8.206365005800075355e-08
3.552000000000000000e+04 8.340272824661209587e-08
3.558000000000000000e+04 9.018517670017489078e-08
3.564000000000000000e+04 9.430647210720288776e-08
3.570000000000000000e+04 8.183726957651053240e-08
3.576000000000000000e+04 4.643170380217812869e-08
3.582000000000000000e+04 -1.463843421328307263e-08
3.588000000000000000e+04 -6.898687943644732368e-08
3.594000000000000000e+04 -7.613675690349800689e-08
3.600000000000000000e+04 -5.986013264618061406e-08
3.606000000000000000e+04 -4.995920117936240173e-08
3.612000000000000000e+04 -4.301471087306274477e-08
3.618000000000000000e+04 -4.269911736768291217e-08
3.624000000000000000e+04 -4.833709149332232878e-08
3.630000000000000000e+04 -4.006486810625061452e-08
3.636000000000000000e+04 -1.877518510777960932e-08
3.642000000000000000e+04 -1.425105523808941306e-08
3.648000000000000000e+04 -1.873445393379043552e-08
3.654000000000000000e+04 -1.101582481425241418e-08
3.660000000000000000e+04 -1.633999404994831030e-09
3.666000000000000000e+04 2.410842355309491122e-08
3.672000000000000000e+04 6.264959605666957344e-08
3.678000000000000000e+04 5.802795787837600327e-08
3.684000000000000000e+04 2.032122123005186687e-08
3.690000000000000000e+04 -7.395072831872795612e-10
3.696000000000000000e+04 -4.812762261635628036e-09
3.702000000000000000e+04 1.991224125979148319e-09
3.708000000000000000e+04 8.586681807948304599e-09
3.714000000000000000e+04 -3.459793623585468233e-09
3.720000000000000000e+04 -2.168541458613208387e-08
3.726000000000000000e+04 -4.345761151040849770e-08
3.732000000000000000e+04 -6.245651137416763365e-08
3.738000000000000000e+04 -4.016032409161207363e-08
3.744000000000000000e+04 4.215318205371317701e-09
3.750000000000000000e+04 1.638464069408466642e-08
3.756000000000000000e+04 1.729222641200696960e-08
3.762000000000000000e+04 4.772800995892408236e-08
3.768000000000000000e+04 8.784305107524999763e-08
3.774000000000000000e+04 1.285787768075484113e-07
3.780000000000000000e+04 1.509000333961100561e-07
3.786000000000000000e+04 9.780695104377734065e-08
3.792000000000000000e+04 1.959961158521280197e-08
3.798000000000000000e+04 -8.421957030033121909e-09
3.804000000000000000e+04 -1.576762503537979747e-08
3.810000000000000000e+04 -2.812204648779588831e-08
3.816000000000000000e+04 -3.461942831873658357e-08
3.822000000000000000e+04 -3.133593389168890669e-08
3.828000000000000000e+04 -1.488377289355728199e-08
3.834000000000000000e+04 2.038428718910412351e-08
3.840000000000000000e+04 6.748901559677314993e-08
3.846000000000000000e+04 1.190386472979069549e-07
3.852000000000000000e+04 1.503220921495138922e-07
3.858000000000000000e+04 1.313157798433356502e-07
3.864000000000000000e+04 9.816559175442514671e-08
3.870000000000000000e+04 9.497058228921199125e-08
3.876000000000000000e+04 9.785053139363860393e-08
3.882000000000000000e+04 7.091328338218461621e-08
3.888000000000000000e+04 2.351343311238207744e-08
3.894000000000000000e+04 -1.660408455173012499e-08
3.900000000000000000e+04 -2.331715528922084845e-08
3.906000000000000000e+04 2.673125318146396534e-08
3.912000000000000000e+04 8.986405682642750218e-08
3.918000000000000000e+04 1.023926219625761134e-07
3.924000000000000000e+04 7.642744735102124666e-08
3.930000000000000000e+04 4.934641629021167665e-08
3.936000000000000000e+04 3.009284483326361286e-08
3.942000000000000000e+04 2.022460722887753492e-08
3.948000000000000000e+04 1.487774204250724642e-08
3.954000000000000000e+04 -1.097532295127786192e-08
3.960000000000000000e+04 -4.752709434260408432e-08
3.966000000000000000e+04 -5.753622569192503042e-08
3.972000000000000000e+04 -3.967270801990182014e-08
3.978000000000000000e+04 7.590949357635933707e-09
3.984000000000000000e+04 6.043814841927286087e-08
3.990000000000000000e+04 6.083671198545138022e-08
3.996000000000000000e+04 2.821423480762104903e-08
4.002000000000000000e+04 1.897069474322832173e-08
4.008000000000000000e+04 1.993180139686634433e-08
4.014000000000000000e+04 9.994684825482640399e-09
4.020000000000000000e+04 -4.655421262956630816e-09
4.026000000000000000e+04 -4.377521721186938962e-08
4.032000000000000000e+04 -8.378644972828474561e-08
4.038000000000000000e+04 -7.992249164331018140e-08
4.044000000000000000e+04 -5.839767425614335867e-08
4.050000000000000000e+04 -2.099547264274026559e-08
4.056000000000000000e+04 2.969417234599536281e-08
4.062000000000000000e+04 3.353481534545954810e-08
4.068000000000000000e+04 7.081348197176169998e-09
4.074000000000000000e+04 6.380015282516267834e-09
4.080000000000000000e+04 1.437139708279633332e-08
4.086000000000000000e+04 1.427291420677545519e-08
4.092000000000000000e+04 1.252515988391100721e-08
4.098000000000000000e+04 -7.537755189468419938e-09
4.104000000000000000e+04 -2.230866174094311211e-08
4.110000000000000000e+04 3.819609547632089687e-09
4.116000000000000000e+04 3.381573145851598102e-08
4.122000000000000000e+04 4.734782558385441931e-08
4.128000000000000000e+04 5.666810421074234818e-08
4.134000000000000000e+04 4.777685297073508552e-08
4.140000000000000000e+04 3.614198883829707605e-08
4.146000000000000000e+04 4.382509785118745013e-08
4.152000000000000000e+04 5.152851225743992902e-08
4.158000000000000000e+04 6.711979796761765576e-08
4.164000000000000000e+04 7.917783062053504154e-08
4.170000000000000000e+04 3.803173759253652975e-08
4.176000000000000000e+04 -1.306456560180394892e-08
4.182000000000000000e+04 -1.449199690019738581e-08
4.188000000000000000e+04 -3.072431848059424024e-09
4.194000000000000000e+04 -2.157124117755741375e-09
4.200000000000000000e+04 -5.417246133042804573e-09
4.206000000000000000e+04 -2.796405768832240508e-08
4.212000000000000000e+04 -5.210078381825041512e-08
4.218000000000000000e+04 -5.811697598792630883e-08
4.224000000000000000e+04 -5.446762332030064256e-08
4.230000000000000000e+04 -2.329158723309946858e-08
4.236000000000000000e+04 2.117155972793105655e-08
4.242000000000000000e+04 3.003640593052248197e-08
4.248000000000000000e+04 1.899403276051092538e-08
4.254000000000000000e+04 1.495892921823949041e-08
4.260000000000000000e+04 1.349870660064903875e-08
4.266000000000000000e+04 1.003898176891078949e-08
4.272000000000000000e+04 -3.148952567796903328e-09
4.278000000000000000e+04 -2.807045748921358911e-08
4.284000000000000000e+04 -3.441408702187694619e-08
4.290000000000000000e+04 7.443118986658984508e-09
4.296000000000000000e+04 6.585135869860425386e-08
4.302000000000000000e+04 1.096223508736023587e-07
4.308000000000000000e+04 1.321168511053220420e-07
4.314000000000000000e+04 1.199525963659538673e-07
4.320000000000000000e+04 9.058980551396311489e-08
4.326000000000000000e+04 6.341953276573405445e-08
4.332000000000000000e+04 3.612287012404643014e-08
4.338000000000000000e+04 1.797718659930317911e-08
4.344000000000000000e+04 -3.546163204632783293e-09
4.350000000000000000e+04 -5.534646504041599584e-08
4.356000000000000000e+04 -1.036984100848820037e-07
4.362000000000000000e+04 -9.322766067338303068e-08
4.368000000000000000e+04 -4.879432400142769133e-08
4.374000000000000000e+04 -3.909545470183924407e-08
4.380000000000000000e+04 -5.701792795374804879e-08
4.386000000000000000e+04 -4.628258929567178872e-08
4.392000000000000000e+04 -1.133853266023036359e-08
4.398000000000000000e+04 2.184579967513811050e-08
4.404000000000000000e+04 4.575037244533564085e-08
4.410000000000000000e+04 4.459330900305480140e-08
4.416000000000000000e+04 2.851123127878737235e-08
4.422000000000000000e+04 1.241971745088536265e-08
4.428000000000000000e+04 2.131865630671433023e-09
4.434000000000000000e+04 1.218327026463369019e-08
4.440000000000000000e+04 3.244491104462121766e-08
4.446000000000000000e+04 4.348561598542059075e-08
4.452000000000000000e+04 3.904849203105002224e-08
4.458000000000000000e+04 1.291317519407086944e-08
4.464000000000000000e+04 -1.827072622269850506e-08
4.470000000000000000e+04 -2.315236745063786871e-08
4.476000000000000000e+04 -1.670846069175280356e-08
4.482000000000000000e+04 -3.232975160430417729e-08
4.488000000000000000e+04 -3.703966263620776117e-08
4.494000000000000000e+04 3.116682929099612309e-09
4.500000000000000000e+04 4.064219595011538805e-08
4.506000000000000000e+04 5.126106810115123864e-08
4.512000000000000000e+04 5.605417277056619638e-08
4.518000000000000000e+04 4.587687699383891226e-08
4.524000000000000000e+04 2.604854023198025785e-08
4.530000000000000000e+04 2.424828540436204246e-08
4.536000000000000000e+04 3.286423862318421387e-08
4.542000000000000000e+04 3.714667584121811306e-08
4.548000000000000000e+04 3.131651707399818463e-08
4.554000000000000000e+04 -4.887523027500654906e-09
4.560000000000000000e+04 -5.183565569254663236e-08
4.566000000000000000e+04 -6.546445554094412448e-08
4.572000000000000000e+04 -5.176713215732098305e-08
4.578000000000000000e+04 -2.545995900308609954e-08
4.584000000000000000e+04 -4.413344515998470624e-09
4.590000000000000000e+04 -1.825369422790249712e-08
4.596000000000000000e+04 -4.204927599530302049e-08
4.602000000000000000e+04 -4.245853113480265579e-08
4.608000000000000000e+04 -2.437070250246401862e-08
4.614000000000000000e+04 5.512954359572034595e-09
4.620000000000000000e+04 3.359459070847540931e-08
4.626000000000000000e+04 5.196914272786087026e-08
4.632000000000000000e+04 7.341840249664813873e-08
4.638000000000000000e+04 1.124318215755167574e-07
4.644000000000000000e+04 1.436385393286064073e-07
4.650000000000000000e+04 1.213183261000033761e-07
4.656000000000000000e+04 6.678400225739825630e-08
4.662000000000000000e+04 2.193451394949067904e-08
4.668000000000000000e+04 -8.154375284961471692e-10
4.674000000000000000e+04 1.194626126736764094e-08
4.680000000000000000e+04 3.086196749199632272e-08
4.686000000000000000e+04 1.811918103195031416e-08
4.692000000000000000e+04 -1.028720402011333194e-08
4.698000000000000000e+04 -3.819606107883603279e-08
4.704000000000000000e+04 -5.455670448982486141e-08
4.710000000000000000e+04 -3.147570401841141422e-08
4.716000000000000000e+04 1.060729773310712735e-08
4.722000000000000000e+04 1.463186448507255118e-08
4.728000000000000000e+04 -9.364822078685349952e-09
4.734000000000000000e+04 -1.951728932532426009e-08
4.740000000000000000e+04 -1.511297961949431556e-08
4.746000000000000000e+04 9.789905338133952586e-09
4.752000000000000000e+04 4.427809385879055968e-08
4.758000000000000000e+04 4.644777269422843537e-08
4.764000000000000000e+04 3.106405832159949549e-08
4.770000000000000000e+04 1.979808505204091048e-08
4.776000000000000000e+04 7.955162306672036927e-10
4.782000000000000000e+04 9.730708982908879679e-09
4.788000000000000000e+04 4.087333461422666834e-08
4.794000000000000000e+04 1.354007410960441190e-08
4.800000000000000000e+04 -5.700801603269559929e-08
4.806000000000000000e+04 -1.137138761212602658e-07
4.812000000000000000e+04 -1.483633612368630781e-07
4.818000000000000000e+04 -1.430135838144154906e-07
4.824000000000000000e+04 -1.113611793079662651e-07
4.830000000000000000e+04 -9.809551464352861405e-08
4.836000000000000000e+04 -7.910484700635970218e-08
4.842000000000000000e+04 -1.674810837654083718e-08
4.848000000000000000e+04 5.107236323888264275e-08
4.854000000000000000e+04 9.692102364763459091e-08
4.860000000000000000e+04 1.225134091261773974e-07
4.866000000000000000e+04 1.161291057484350076e-07
4.872000000000000000e+04 1.036156865324526054e-07
4.878000000000000000e+04 1.054451898395194073e-07
4.884000000000000000e+04 1.055739244262832193e-07
4.890000000000000000e+04 1.209366970712777487e-07
4.896000000000000000e+04 1.213919919109546325e-07
4.902000000000000000e+04 3.547958128182852734e-08
4.908000000000000000e+04 -6.775943504795656478e-08
4.914000000000000000e+04 -9.618026089198520594e-08
4.920000000000000000e+04 -9.164955555978257199e-08
4.926000000000000000e+04 -9.009312596670407975e-08
4.932000000000000000e+04 -9.215269591369978389e-08
4.938000000000000000e+04 -1.097378485468332914e-07
4.944000000000000000e+04 -1.163915280169569604e-07
4.950000000000000000e+04 -8.191166344512224029e-08
4.956000000000000000e+04 -3.045843936638296791e-08
4.962000000000000000e+04 -5.049903111763639335e-09
4.968000000000000000e+04 -3.207948276925017347e-09
4.974000000000000000e+04 6.022549787348951635e-09
4.980000000000000000e+04 3.047696187444733371e-08
4.986000000000000000e+04 6.449085149760891422e-08
4.992000000000000000e+04 9.797062673020754679e-08
4.998000000000000000e+04 1.167775024680841265e-07
5.004000000000000000e+04 1.063894651442270858e-07
5.010000000000000000e+04 5.392214662431245463e-08
5.016000000000000000e+04 2.718125097685616155e-10
5.022000000000000000e+04 6.361229074741681296e-10
5.028000000000000000e+04 2.079640870356521394e-08
5.034000000000000000e+04 6.601654782787772828e-09
5.040000000000000000e+04 -3.120962425683104912e-08
5.046000000000000000e+04 -6.617547106622009273e-08
5.052000000000000000e+04 -8.942453850943147546e-08
5.058000000000000000e+04 -9.119043124633056125e-08
5.064000000000000000e+04 -7.858985133027870632e-08
5.070000000000000000e+04 -7.729965054980672853e-08
5.076000000000000000e+04 -7.272218892721374911e-08
5.082000000000000000e+04 -3.880240809298514944e-08
5.088000000000000000e+04 -2.843769732659614209e-09
5.094000000000000000e+04 2.537514873039251822e-08
5.100000000000000000e+04 5.324079806884318700e-08
5.106000000000000000e+04 4.580744768350556854e-08
5.112000000000000000e+04 1.294155802938901156e-08
5.118000000000000000e+04 -1.023730618182154066e-08
5.124000000000000000e+04 -1.996768266484631319e-08
5.130000000000000000e+04 1.040840004497278726e-08
5.136000000000000000e+04 5.721791486561674650e-08
5.142000000000000000e+04 5.227070246661506142e-08
5.148000000000000000e+04 1.728507194216632948e-08
5.154000000000000000e+04 -8.243576845913998274e-09
5.160000000000000000e+04 -3.322923121743444627e-08
5.166000000000000000e+04 -4.018820244494162987e-08
5.172000000000000000e+04 -3.053592891969861983e-08
5.178000000000000000e+04 -5.004509494195100866e-08
5.184000000000000000e+04 -8.165587969873969749e-08
5.190000000000000000e+04 -8.603693737914882285e-08
5.196000000000000000e+04 -7.291830050002816024e-08
5.202000000000000000e+04 -4.349635342193921015e-08
5.208000000000000000e+04 -9.215346409574554087e-09
5.214000000000000000e+04 2.828537785937168407e-11
5.220000000000000000e+04 1.017002092031556689e-08
5.226000000000000000e+04 4.868138886703528841e-08
5.232000000000000000e+04 8.685550498798340633e-08
5.238000000000000000e+04 1.280157349719396426e-07
5.244000000000000000e+04 1.564749071662532016e-07
5.250000000000000000e+04 1.038147963329747873e-07
5.256000000000000000e+04 1.830194103560889296e-08
5.262000000000000000e+04 -2.094648057816839292e-08
5.268000000000000000e+04 -3.221061936932445447e-08
5.274000000000000000e+04 -1.848673616434518767e-08
5.280000000000000000e+04 -2.441691981704592908e-10
5.286000000000000000e+04 -3.279468892570155242e-08
5.292000000000000000e+04 -7.702020201998116544e-08
5.298000000000000000e+04 -7.145963145614257221e-08
5.304000000000000000e+04 -4.026736022862594650e-08
5.310000000000000000e+04 -2.125822167846347300e-08
5.316000000000000000e+04 -1.308557038987486351e-08
5.322000000000000000e+04 3.541938169264920767e-09
5.328000000000000000e+04 3.877499409228601923e-08
5.334000000000000000e+04 8.745792507020474487e-08
5.340000000000000000e+04 1.312924418261686930e-07
5.346000000000000000e+04 1.664715067288546901e-07
5.352000000000000000e+04 1.753026673051670197e-07
5.358000000000000000e+04 1.140992371695404017e-07
5.364000000000000000e+04 3.268745214363155418e-08
5.370000000000000000e+04 1.053677920019591218e-08
5.376000000000000000e+04 1.294205677800086618e-08
5.382000000000000000e+04 -9.850047594818038522e-09
5.388000000000000000e+04 -5.287975533655823726e-08
5.394000000000000000e+04 -1.063148362326118009e-07
5.400000000000000000e+04 -1.399682449338089165e-07
5.406000000000000000e+04 -1.162370992530831204e-07
5.412000000000000000e+04 -6.830811635101056173e-08
5.418000000000000000e+04 -5.587174526632913555e-08
5.424000000000000000e+04 -6.061520433804182569e-08
5.430000000000000000e+04 -3.630914430184188216e-08
5.436000000000000000e+04 -1.938643365053301538e-10
5.442000000000000000e+04 2.585568485887387087e-08
5.448000000000000000e+04 4.686327079866936529e-08
5.454000000000000000e+04 3.481973053255649076e-08
5.460000000000000000e+04 5.275641527802132913e-09
5.466000000000000000e+04 -2.484664670005890746e-08
5.472000000000000000e+04 -3.080747199001958028e-08
5.478000000000000000e+04 1.960416338766627767e-08
5.484000000000000000e+04 5.254926815414599618e-08
5.490000000000000000e+04 4.971253823616665073e-08
5.496000000000000000e+04 2.493470170882953478e-08
5.502000000000000000e+04 1.805944579817697626e-08
5.508000000000000000e+04 1.667318136229500803e-08
