# time [s],mass_flux [gH2O/s]
0.000000000000000000e+00 5.822290883449194319e-05
6.000000000000000000e+01 5.744348142991776709e-05
1.200000000000000000e+02 5.521361762973210212e-05
1.800000000000000000e+02 5.173987495398166969e-05
2.400000000000000000e+02 4.745320188020961947e-05
3.000000000000000000e+02 4.272688656297059657e-05
3.600000000000000000e+02 3.782524921200706021e-05
4.200000000000000000e+02 3.306238441709609264e-05
4.800000000000000000e+02 2.886328139424313013e-05
5.400000000000000000e+02 2.568116112866963491e-05
6.000000000000000000e+02 2.345744921632246448e-05
6.600000000000000000e+02 2.175103208732510546e-05
7.200000000000000000e+02 2.021639955853439180e-05
7.800000000000000000e+02 1.890924778202169172e-05
8.400000000000000000e+02 1.802939574068752047e-05
9.000000000000000000e+02 1.737696409362399637e-05
9.600000000000000000e+02 1.673699091297616151e-05
1.020000000000000000e+03 1.598830062271687852e-05
1.080000000000000000e+03 1.523435794992892242e-05
1.140000000000000000e+03 1.458725326462124610e-05
1.200000000000000000e+03 1.391784073128861760e-05
1.260000000000000000e+03 1.331688839986781351e-05
1.320000000000000000e+03 1.272973469277442308e-05
1.380000000000000000e+03 1.213937578340105497e-05
1.440000000000000000e+03 1.159534699026916437e-05
1.500000000000000000e+03 1.104846433924583405e-05
1.560000000000000000e+03 1.052979862668108507e-05
1.620000000000000000e+03 1.005513101330323296e-05
1.680000000000000000e+03 9.578716259216653328e-06
1.740000000000000000e+03 9.100867918940270374e-06
1.800000000000000000e+03 8.729274263659033911e-06
1.860000000000000000e+03 8.342573300193038483e-06
1.920000000000000000e+03 7.954056290335996209e-06
1.980000000000000000e+03 7.567101650613726821e-06
2.040000000000000000e+03 7.175067538941574433e-06
2.100000000000000000e+03 6.834116320357866595e-06
2.160000000000000000e+03 6.546241285475956967e-06
2.220000000000000000e+03 6.320019092392071922e-06
2.280000000000000000e+03 6.045755651033074890e-06
2.340000000000000000e+03 5.778245856074305448e-06
2.400000000000000000e+03 5.535134372400390268e-06
2.460000000000000000e+03 5.275561813882292611e-06
2.520000000000000000e+03 5.056357913246305000e-06
2.580000000000000000e+03 4.840684493311274078e-06
2.640000000000000000e+03 4.617556272195136313e-06
2.700000000000000000e+03 4.435083988425329171e-06
2.760000000000000000e+03 4.240802908951971095e-06
2.820000000000000000e+03 4.047935327906755293e-06
2.880000000000000000e+03 3.891779918248234810e-06
2.940000000000000000e+03 3.747468773951494796e-06
3.000000000000000000e+03 3.593819698748691462e-06
3.060000000000000000e+03 3.469072811035251930e-06
3.120000000000000000e+03 3.332342356769310650e-06
3.180000000000000000e+03 3.212486670213741438e-06
3.240000000000000000e+03 3.069864987365171759e-06
3.300000000000000000e+03 2.948069153175039787e-06
3.360000000000000000e+03 2.852488922954500307e-06
3.420000000000000000e+03 2.707383311521584500e-06
3.480000000000000000e+03 2.631015977764758654e-06
3.540000000000000000e+03 2.568040625186216067e-06
3.600000000000000000e+03 2.489812480440297283e-06
3.660000000000000000e+03 2.419860488304832481e-06
3.720000000000000000e+03 2.321075950103649624e-06
3.780000000000000000e+03 2.227308614274429734e-06
3.840000000000000000e+03 2.151914196631248265e-06
3.900000000000000000e+03 2.086073192422594878e-06
3.960000000000000000e+03 2.029824719627579435e-06
4.020000000000000000e+03 1.933295864093205824e-06
4.080000000000000000e+03 1.829469640100139836e-06
4.140000000000000000e+03 1.748920771222142818e-06
4.200000000000000000e+03 1.687931841020650196e-06
4.260000000000000000e+03 1.636529762225752373e-06
4.320000000000000000e+03 1.620331678907465257e-06
4.380000000000000000e+03 1.612931763055510272e-06
4.440000000000000000e+03 1.590273310821237619e-06
4.500000000000000000e+03 1.523919828757986771e-06
4.560000000000000000e+03 1.482872695572854707e-06
4.620000000000000000e+03 1.411212578455422117e-06
4.680000000000000000e+03 1.338558499160841284e-06
4.740000000000000000e+03 1.238335967645420039e-06
4.800000000000000000e+03 1.199842475552275389e-06
4.860000000000000000e+03 1.167003174382466590e-06
4.920000000000000000e+03 1.175470759500381885e-06
4.980000000000000000e+03 1.169613257818655132e-06
5.040000000000000000e+03 1.125990426219131973e-06
5.100000000000000000e+03 1.110558410005041450e-06
5.160000000000000000e+03 1.080092927384599660e-06
5.220000000000000000e+03 1.068287364950487552e-06
5.280000000000000000e+03 1.078686260098359443e-06
5.340000000000000000e+03 1.095125412344660849e-06
5.400000000000000000e+03 1.056329345816333287e-06
5.460000000000000000e+03 1.028018381207228748e-06
5.520000000000000000e+03 9.728479218468661961e-07
5.580000000000000000e+03 9.130771088537482895e-07
5.640000000000000000e+03 9.176511377084981776e-07
5.700000000000000000e+03 8.632998857306210413e-07
5.760000000000000000e+03 8.030447931228294575e-07
5.820000000000000000e+03 8.363100764468186281e-07
5.880000000000000000e+03 7.671715497755555037e-07
5.940000000000000000e+03 7.905496659592105471e-07
6.000000000000000000e+03 7.751873416153345336e-07
6.060000000000000000e+03 7.379885149666014041e-07
6.120000000000000000e+03 7.104136030855236598e-07
6.180000000000000000e+03 7.092985675638540786e-07
6.240000000000000000e+03 7.116132929486003848e-07
6.300000000000000000e+03 6.779784079028138042e-07
6.360000000000000000e+03 6.940649732222146960e-07
6.420000000000000000e+03 6.738598940246124609e-07
6.480000000000000000e+03 6.015422238427511320e-07
6.540000000000000000e+03 5.672642597742925136e-07
6.600000000000000000e+03 5.657480947090371071e-07
6.660000000000000000e+03 5.584577591869615685e-07
6.720000000000000000e+03 5.322767374435719584e-07
6.780000000000000000e+03 5.030248546259580289e-07
6.840000000000000000e+03 4.722644932111015889e-07
6.900000000000000000e+03 5.146808198570422363e-07
6.960000000000000000e+03 5.161358302606388958e-07
7.020000000000000000e+03 5.283070525812644459e-07
7.080000000000000000e+03 5.689283045117130795e-07
7.140000000000000000e+03 5.642428539688835617e-07
7.200000000000000000e+03 5.370286305357806243e-07
7.260000000000000000e+03 5.368806614327222820e-07
7.320000000000000000e+03 4.999147999000530529e-07
7.380000000000000000e+03 4.603508868247322645e-07
7.440000000000000000e+03 4.355054646385664096e-07
7.500000000000000000e+03 3.960228786167862901e-07
7.560000000000000000e+03 3.809982498152730611e-07
7.620000000000000000e+03 3.667766895647702417e-07
7.680000000000000000e+03 3.358356135913185604e-07
7.740000000000000000e+03 3.273248333648023244e-07
7.800000000000000000e+03 3.304847194288372144e-07
7.860000000000000000e+03 3.445472991140535629e-07
7.920000000000000000e+03 3.529057074868937482e-07
7.980000000000000000e+03 3.862595273682508533e-07
8.040000000000000000e+03 4.184390075971192953e-07
8.100000000000000000e+03 4.660440718985692444e-07
8.160000000000000000e+03 4.635715629478648242e-07
8.220000000000000000e+03 4.202267214659568099e-07
8.280000000000000000e+03 3.911761429448388562e-07
8.340000000000000000e+03 3.616910450617942138e-07
8.400000000000000000e+03 3.434739888251436623e-07
8.460000000000000000e+03 2.888510619246618557e-07
8.520000000000000000e+03 2.578294179118173384e-07
8.580000000000000000e+03 2.213126071101227220e-07
8.640000000000000000e+03 1.999226996272686903e-07
8.700000000000000000e+03 2.138871254940786508e-07
8.760000000000000000e+03 2.078887312158041623e-07
8.820000000000000000e+03 2.193177140257194676e-07
8.880000000000000000e+03 2.567590496691668500e-07
8.940000000000000000e+03 2.702441283822243145e-07
9.000000000000000000e+03 3.003493674157374218e-07
9.060000000000000000e+03 2.948325744088255543e-07
9.120000000000000000e+03 2.935855916686112451e-07
9.180000000000000000e+03 2.765958915366730334e-07
9.240000000000000000e+03 2.778824394091920388e-07
9.300000000000000000e+03 2.600557007542692140e-07
9.360000000000000000e+03 2.686115082755254567e-07
9.420000000000000000e+03 2.732772725624887721e-07
9.480000000000000000e+03 2.574084232497691815e-07
9.540000000000000000e+03 2.281246824051748726e-07
9.600000000000000000e+03 2.505053623665561500e-07
9.660000000000000000e+03 2.610076395968367170e-07
9.720000000000000000e+03 2.754252896364217874e-07
9.780000000000000000e+03 2.709528748853773584e-07
9.840000000000000000e+03 1.464302018219093507e-07
9.900000000000000000e+03 -8.069268560053262354e-10
9.960000000000000000e+03 -2.937870659837360443e-08
1.002000000000000000e+04 -5.128396092917800891e-08
1.008000000000000000e+04 4.792446875537722246e-08
1.014000000000000000e+04 3.327360084313945931e-07
1.020000000000000000e+04 7.962560125262391209e-07
1.026000000000000000e+04 1.297979851185941277e-06
1.032000000000000000e+04 1.781441284797596976e-06
1.038000000000000000e+04 2.173888591247563448e-06
1.044000000000000000e+04 2.512315708413463339e-06
1.050000000000000000e+04 2.758377204665462147e-06
1.056000000000000000e+04 2.850961353980177412e-06
1.062000000000000000e+04 2.776814840816863198e-06
1.068000000000000000e+04 2.597792106949723714e-06
1.074000000000000000e+04 2.287247692849918036e-06
1.080000000000000000e+04 1.867780649947419413e-06
1.086000000000000000e+04 1.399720839279315059e-06
1.092000000000000000e+04 9.285325516085231927e-07
1.098000000000000000e+04 5.662406105652606703e-07
1.104000000000000000e+04 3.758995559576446486e-07
1.110000000000000000e+04 2.825434766355143120e-07
1.116000000000000000e+04 2.244754352204170242e-07
1.122000000000000000e+04 3.163678712588916760e-07
1.128000000000000000e+04 3.589899095378610523e-07
1.134000000000000000e+04 3.398058946588872410e-07
1.140000000000000000e+04 3.239268708659278082e-07
1.146000000000000000e+04 3.322110286887308589e-07
1.152000000000000000e+04 3.346815242987836716e-07
1.158000000000000000e+04 3.506941371696215216e-07
1.164000000000000000e+04 3.221658395002879659e-07
1.170000000000000000e+04 3.308827509954555978e-07
1.176000000000000000e+04 3.743777170926489649e-07
1.182000000000000000e+04 3.924189361923189574e-07
1.188000000000000000e+04 3.690879454894963052e-07
1.194000000000000000e+04 3.789058702062299670e-07
1.200000000000000000e+04 3.748457294601668646e-07
1.206000000000000000e+04 3.701636337213875976e-07
1.212000000000000000e+04 3.704167987488710229e-07
1.218000000000000000e+04 3.410895807440944666e-07
1.224000000000000000e+04 3.094309894556557356e-07
1.230000000000000000e+04 2.516183318049258872e-07
1.236000000000000000e+04 2.508794562712524207e-07
1.242000000000000000e+04 2.490851130534932239e-07
1.248000000000000000e+04 2.310853371347704188e-07
1.254000000000000000e+04 2.439855379740331629e-07
1.260000000000000000e+04 2.210146945457134692e-07
1.266000000000000000e+04 2.488274420860599476e-07
1.272000000000000000e+04 2.826087461000002512e-07
1.278000000000000000e+04 3.077347060369504240e-07
1.284000000000000000e+04 3.047006606691123340e-07
1.290000000000000000e+04 2.923229539403271460e-07
1.296000000000000000e+04 2.768529594190475620e-07
1.302000000000000000e+04 2.738035640451052865e-07
1.308000000000000000e+04 2.786060474883195087e-07
1.314000000000000000e+04 2.481235477795607148e-07
1.320000000000000000e+04 2.049694623390552142e-07
1.326000000000000000e+04 1.853894017165430669e-07
1.332000000000000000e+04 1.852590413223045014e-07
1.338000000000000000e+04 1.897118844720648563e-07
1.344000000000000000e+04 1.952888323497603604e-07
1.350000000000000000e+04 2.427929888215487485e-07
1.356000000000000000e+04 2.167568015161205007e-07
1.362000000000000000e+04 1.929933139651248351e-07
1.368000000000000000e+04 1.987101638218265632e-07
1.374000000000000000e+04 1.913161228902134526e-07
1.380000000000000000e+04 2.036367704314155308e-07
1.386000000000000000e+04 2.018188816709417134e-07
1.392000000000000000e+04 2.054666475134516388e-07
1.398000000000000000e+04 2.162354149711868511e-07
1.404000000000000000e+04 2.154307183200911580e-07
1.410000000000000000e+04 2.128803471861349599e-07
1.416000000000000000e+04 2.061356110410796475e-07
1.422000000000000000e+04 1.744825025529657742e-07
1.428000000000000000e+04 1.353586764822149343e-07
1.434000000000000000e+04 1.454518625277253226e-07
1.440000000000000000e+04 1.831602479143712489e-07
1.446000000000000000e+04 1.794930700047686570e-07
1.452000000000000000e+04 1.734873427203011682e-07
1.458000000000000000e+04 1.579232420294053924e-07
1.464000000000000000e+04 1.229284647825725386e-07
1.470000000000000000e+04 1.039028121420833782e-07
1.476000000000000000e+04 1.627354210773553629e-07
1.482000000000000000e+04 1.689847147682184859e-07
1.488000000000000000e+04 1.416416821264458227e-07
1.494000000000000000e+04 9.364314961316418393e-08
1.500000000000000000e+04 5.108501249008930707e-08
1.506000000000000000e+04 2.013598751557377286e-08
1.512000000000000000e+04 -7.395946170311399983e-09
1.518000000000000000e+04 -4.230574081678928675e-09
1.524000000000000000e+04 7.703328658130910731e-08
1.530000000000000000e+04 6.494276695567328664e-08
1.536000000000000000e+04 7.392565510947838861e-08
1.542000000000000000e+04 1.124677459046532103e-07
1.548000000000000000e+04 1.327324089555002523e-07
1.554000000000000000e+04 1.293799567163069482e-07
1.560000000000000000e+04 1.251688781152051181e-07
1.566000000000000000e+04 1.125326501284310862e-07
1.572000000000000000e+04 8.701645188534390131e-08
1.578000000000000000e+04 1.090916428818135694e-07
1.584000000000000000e+04 1.000142951805329193e-07
1.590000000000000000e+04 5.658020857286783210e-08
1.596000000000000000e+04 2.643255637551726049e-08
1.602000000000000000e+04 4.738851548032977517e-08
1.608000000000000000e+04 8.677987513791563497e-08
1.614000000000000000e+04 1.231140612290015870e-07
1.620000000000000000e+04 1.124278017722764783e-07
1.626000000000000000e+04 1.402932263864370474e-07
1.632000000000000000e+04 1.398613073996339159e-07
1.638000000000000000e+04 1.090077819526173301e-07
1.644000000000000000e+04 2.113561425216847888e-08
1.650000000000000000e+04 5.177733071540698557e-08
1.656000000000000000e+04 2.565915823369198863e-08
1.662000000000000000e+04 1.280134533353701306e-08
1.668000000000000000e+04 4.663569790526918963e-09
1.674000000000000000e+04 3.713142099464235643e-09
1.680000000000000000e+04 -2.344473988743119637e-08
1.686000000000000000e+04 1.139791819549281456e-08
1.692000000000000000e+04 3.054644736437868589e-08
1.698000000000000000e+04 4.525721509901030183e-08
1.704000000000000000e+04 8.542062226168933318e-08
1.710000000000000000e+04 8.423310417099890949e-08
1.716000000000000000e+04 6.534941648847029387e-08
1.722000000000000000e+04 8.822261975416818857e-08
1.728000000000000000e+04 1.082101778561902148e-07
1.734000000000000000e+04 1.043725296437832653e-07
1.740000000000000000e+04 8.844821255647727391e-08
1.746000000000000000e+04 4.795127182601980757e-08
1.752000000000000000e+04 7.207958686745545552e-08
1.758000000000000000e+04 6.155445431791731511e-08
1.764000000000000000e+04 8.185039068880906573e-08
1.770000000000000000e+04 3.723616747453491612e-08
1.776000000000000000e+04 4.506902045014101329e-08
1.782000000000000000e+04 4.206264132347592576e-08
1.788000000000000000e+04 5.371480688900106002e-08
1.794000000000000000e+04 3.218769411029535480e-08
1.800000000000000000e+04 6.513521809541991977e-08
1.806000000000000000e+04 8.081851441086677890e-09
1.812000000000000000e+04 -2.523117420607605058e-08
1.818000000000000000e+04 -5.930391277937189381e-08
1.824000000000000000e+04 -7.598660132941230361e-08
1.830000000000000000e+04 -5.797599281140430618e-08
1.836000000000000000e+04 -3.485443544036977434e-08
1.842000000000000000e+04 -5.253966006794434100e-08
1.848000000000000000e+04 -5.819332816389688732e-08
1.854000000000000000e+04 -1.316262769369969176e-08
1.860000000000000000e+04 2.422854182027959429e-08
1.866000000000000000e+04 7.420551466086796329e-08
1.872000000000000000e+04 1.006761284770331886e-07
1.878000000000000000e+04 1.566976380996028707e-07
1.884000000000000000e+04 1.450083332523814216e-07
1.890000000000000000e+04 1.311262837162124936e-07
1.896000000000000000e+04 6.450643630050156311e-08
1.902000000000000000e+04 -5.265764207428487960e-09
1.908000000000000000e+04 -4.430403528060215526e-08
1.914000000000000000e+04 -8.371309948573823515e-08
1.920000000000000000e+04 -1.481579850515918445e-07
1.926000000000000000e+04 -1.565421709717740412e-07
1.932000000000000000e+04 -2.088515542539998160e-07
1.938000000000000000e+04 -2.337574596110679025e-07
1.944000000000000000e+04 -2.186548810189509195e-07
1.950000000000000000e+04 -2.033421867513966360e-07
1.956000000000000000e+04 -1.586884774765207062e-07
1.962000000000000000e+04 -7.592275852198275003e-08
1.968000000000000000e+04 -1.425928664542756400e-08
1.974000000000000000e+04 3.185036718360289988e-08
1.980000000000000000e+04 4.527912140309583295e-08
1.986000000000000000e+04 2.209561155615731994e-08
1.992000000000000000e+04 2.323093918228195524e-08
1.998000000000000000e+04 3.084971431586054789e-08
2.004000000000000000e+04 3.655675658888191126e-08
2.010000000000000000e+04 3.261387805421807609e-09
2.016000000000000000e+04 -4.969952258545666105e-08
2.022000000000000000e+04 -1.098809915226622858e-07
2.028000000000000000e+04 -1.443329890845242656e-07
2.034000000000000000e+04 -1.185016432393252549e-07
2.040000000000000000e+04 -1.091400985431719291e-07
2.046000000000000000e+04 -5.911936496588258696e-08
2.052000000000000000e+04 2.762585939615017920e-08
2.058000000000000000e+04 2.495202767911763809e-08
2.064000000000000000e+04 4.161839615203962446e-08
2.070000000000000000e+04 3.525660321098319356e-08
2.076000000000000000e+04 4.228058004899133847e-08
2.082000000000000000e+04 4.003190452820289676e-08
2.088000000000000000e+04 3.562496754677679657e-08
2.094000000000000000e+04 7.059349478357364668e-09
2.100000000000000000e+04 3.642667659523035782e-09
2.106000000000000000e+04 -8.633267744792560983e-09
2.112000000000000000e+04 -3.442279651553562939e-08
2.118000000000000000e+04 -6.724637914001333235e-08
2.124000000000000000e+04 -7.367767848286132541e-08
2.130000000000000000e+04 -2.836958783285677485e-08
2.136000000000000000e+04 2.509595203719720350e-08
2.142000000000000000e+04 4.115419593280396514e-08
2.148000000000000000e+04 4.258687801665198972e-08
2.154000000000000000e+04 2.488508225086579480e-08
2.160000000000000000e+04 1.106151891437645585e-08
2.166000000000000000e+04 1.898070066397306187e-09
2.172000000000000000e+04 1.205851649701642939e-08
2.178000000000000000e+04 6.001908225382323893e-08
2.184000000000000000e+04 4.254883796799465562e-08
2.190000000000000000e+04 1.597211903292539214e-08
2.196000000000000000e+04 -5.215698538641825725e-08
2.202000000000000000e+04 -2.513639583169117656e-08
2.208000000000000000e+04 -4.682068450688470350e-08
2.214000000000000000e+04 -4.306951364996258746e-08
2.220000000000000000e+04 -6.779810243333813376e-08
2.226000000000000000e+04 -8.464707277692126411e-08
2.232000000000000000e+04 -8.863854208095618978e-08
2.238000000000000000e+04 -7.150457849447918188e-08
2.244000000000000000e+04 -8.967202582352285486e-08
2.250000000000000000e+04 -1.254192381487199631e-07
2.256000000000000000e+04 -1.330725506312052717e-07
2.262000000000000000e+04 -1.038076053590010928e-07
2.268000000000000000e+04 -7.438574987176741234e-08
2.274000000000000000e+04 -3.351259700151247424e-08
2.280000000000000000e+04 -3.076322958167158608e-08
2.286000000000000000e+04 -3.596729424674982446e-08
2.292000000000000000e+04 -3.875432391259777526e-08
2.298000000000000000e+04 -4.746869369590123045e-08
2.304000000000000000e+04 -2.285913446633166253e-08
2.310000000000000000e+04 -1.573691082711973702e-08
2.316000000000000000e+04 -6.901230575432719000e-10
2.322000000000000000e+04 -3.867879965017510251e-08
2.328000000000000000e+04 -1.109312056437698305e-08
2.334000000000000000e+04 -2.582338600731759338e-08
2.340000000000000000e+04 -3.435345790360015259e-09
2.346000000000000000e+04 1.999404188254838698e-08
2.352000000000000000e+04 4.108633744464666308e-08
2.358000000000000000e+04 1.711107061851587503e-08
2.364000000000000000e+04 9.912953408593623252e-09
2.370000000000000000e+04 -6.682874884728073729e-09
2.376000000000000000e+04 -2.787776080340661074e-08
2.382000000000000000e+04 -5.625036366673404748e-08
2.388000000000000000e+04 -7.988027604342861657e-08
2.394000000000000000e+04 -8.571786982818074829e-08
2.400000000000000000e+04 -8.953648302501004434e-08
2.406000000000000000e+04 -1.120814841781142519e-07
2.412000000000000000e+04 -8.643573598821525949e-08
2.418000000000000000e+04 -4.571093916485210180e-08
2.424000000000000000e+04 -6.048483133282618893e-08
2.430000000000000000e+04 -5.177321689547413201e-08
2.436000000000000000e+04 -2.559792102186283022e-08
2.442000000000000000e+04 3.143267057135098182e-08
2.448000000000000000e+04 2.218523223902294787e-08
2.454000000000000000e+04 1.137033450553104341e-08
2.460000000000000000e+04 -1.016900048542157542e-09
2.466000000000000000e+04 -5.869985771703630634e-08
2.472000000000000000e+04 -8.801273926721994404e-08
2.478000000000000000e+04 -8.965178693009130959e-08
2.484000000000000000e+04 -8.088917855403795205e-08
2.490000000000000000e+04 -9.907844242841117011e-08
2.496000000000000000e+04 -1.080584205531698369e-07
2.502000000000000000e+04 -9.911684266695567099e-08
2.508000000000000000e+04 -5.867882770527651089e-08
2.514000000000000000e+04 -5.031619544453025394e-08
2.520000000000000000e+04 -2.789458825048126484e-08
2.526000000000000000e+04 -8.617918405863049834e-09
2.532000000000000000e+04 6.614419318049883517e-09
2.538000000000000000e+04 2.969002068931488598e-08
2.544000000000000000e+04 8.338157555254818413e-08
2.550000000000000000e+04 6.438687435474099718e-08
2.556000000000000000e+04 1.648670424313214422e-08
2.562000000000000000e+04 -9.797309755259682803e-09
2.568000000000000000e+04 -3.919768680124557594e-09
2.574000000000000000e+04 5.798027861297905592e-09
2.580000000000000000e+04 -5.153687863008090393e-08
2.586000000000000000e+04 -6.088322062301754212e-08
2.592000000000000000e+04 -1.086794399634873589e-07
2.598000000000000000e+04 -1.099198162850487967e-07
2.604000000000000000e+04 -1.177602020904546437e-07
2.610000000000000000e+04 -1.210411890151946617e-07
2.616000000000000000e+04 -1.281171381110659041e-07
2.622000000000000000e+04 -1.208527834004741175e-07
2.628000000000000000e+04 -1.230581233687549850e-07
2.634000000000000000e+04 -8.328928977769285988e-08
2.640000000000000000e+04 -6.808112131828636922e-08
2.646000000000000000e+04 -5.278638148612420520e-08
2.652000000000000000e+04 -6.314564958732893892e-08
2.658000000000000000e+04 -5.870806930596828275e-08
2.664000000000000000e+04 -6.202370037243036517e-08
2.670000000000000000e+04 -3.404174963167472521e-08
2.676000000000000000e+04 -2.561164751287148267e-08
2.682000000000000000e+04 -3.251274091770524498e-08
2.688000000000000000e+04 -5.649296302978612516e-08
2.694000000000000000e+04 -8.502703242839471628e-08
2.700000000000000000e+04 -5.064802065246620799e-08
2.706000000000000000e+04 -5.994571454596512587e-08
2.712000000000000000e+04 -5.086641083097697981e-08
2.718000000000000000e+04 -8.382810158143184061e-08
2.724000000000000000e+04 -9.680983585498108258e-08
2.730000000000000000e+04 -9.380524075899380745e-08
2.736000000000000000e+04 -1.067115893963836270e-07
2.742000000000000000e+04 -1.228061140637800304e-07
2.748000000000000000e+04 -9.044561199873328550e-08
2.754000000000000000e+04 -6.172314615850623140e-08
2.760000000000000000e+04 -4.531200182509206027e-08
2.766000000000000000e+04 -1.133477083153459489e-08
2.772000000000000000e+04 1.781937551380748527e-08
2.778000000000000000e+04 5.694886553303524555e-09
2.784000000000000000e+04 2.541258357681893340e-10
2.790000000000000000e+04 -1.426090753889330754e-08
2.796000000000000000e+04 -9.918403735241961689e-09
2.802000000000000000e+04 1.629148353836836321e-09
2.808000000000000000e+04 -2.630433085607878711e-08
2.814000000000000000e+04 -3.288569056653090072e-08
2.820000000000000000e+04 -7.807251439992390377e-08
2.826000000000000000e+04 -1.031641099535444501e-07
2.832000000000000000e+04 -9.859082177043898554e-08
2.838000000000000000e+04 -9.046551380682832113e-08
2.844000000000000000e+04 -1.012232720947146417e-07
2.850000000000000000e+04 -8.138600829793452272e-08
2.856000000000000000e+04 -4.877414358251767339e-08
2.862000000000000000e+04 -5.378452398371406642e-08
2.868000000000000000e+04 -5.993988778154694390e-08
2.874000000000000000e+04 -6.273244687720243317e-08
2.880000000000000000e+04 -5.759050220345100361e-08
2.886000000000000000e+04 -6.789091562126036996e-08
2.892000000000000000e+04 -4.472688088276906436e-08
2.898000000000000000e+04 -8.872163482243993236e-09
2.904000000000000000e+04 -1.785389812172799441e-08
2.910000000000000000e+04 -4.391669913746583938e-08
2.916000000000000000e+04 -4.755991088502738581e-08
2.922000000000000000e+04 -7.497321201574424524e-08
2.928000000000000000e+04 -9.532529492070155601e-08
2.934000000000000000e+04 -1.235607248438926604e-07
2.940000000000000000e+04 -1.084918873828453562e-07
2.946000000000000000e+04 -1.055761888623755584e-07
2.952000000000000000e+04 -1.266863474207411851e-07
2.958000000000000000e+04 -1.164440732383716617e-07
2.964000000000000000e+04 -8.804467296572952035e-08
2.970000000000000000e+04 -8.866344055185697271e-08
2.976000000000000000e+04 -6.492176266812791645e-08
2.982000000000000000e+04 -7.562141152046379965e-09
2.988000000000000000e+04 9.355163544990293198e-09
2.994000000000000000e+04 4.093436086066715030e-08
3.000000000000000000e+04 4.835783142924839624e-08
3.006000000000000000e+04 5.687857746311068146e-08
3.012000000000000000e+04 4.853592497644961662e-08
3.018000000000000000e+04 3.400081093167528225e-08
3.024000000000000000e+04 4.286634047781049544e-08
3.030000000000000000e+04 3.720894380179751424e-08
3.036000000000000000e+04 -5.458529944134722997e-09
3.042000000000000000e+04 -2.049585563571506215e-08
3.048000000000000000e+04 -3.449904176060688008e-08
3.054000000000000000e+04 -6.353934948998459769e-08
3.060000000000000000e+04 -1.258479032265752470e-07
3.066000000000000000e+04 -1.653884702603608642e-07
3.072000000000000000e+04 -1.819659995766498390e-07
3.078000000000000000e+04 -2.004512773290158648e-07
3.084000000000000000e+04 -2.090238496993875484e-07
3.090000000000000000e+04 -2.052431001559745782e-07
3.096000000000000000e+04 -1.945818286021999794e-07
3.102000000000000000e+04 -1.863672273569085490e-07
3.108000000000000000e+04 -1.105310602126282239e-07
3.114000000000000000e+04 -7.163155427460100007e-08
3.120000000000000000e+04 -7.879829404487208620e-09
3.126000000000000000e+04 2.098649630547418650e-08
3.132000000000000000e+04 2.803319004094269869e-08
3.138000000000000000e+04 4.807638790266244564e-08
3.144000000000000000e+04 1.939143028442669170e-08
3.150000000000000000e+04 -2.618531212347785354e-09
3.156000000000000000e+04 -1.871713071754932334e-08
3.162000000000000000e+04 -3.935160878335008674e-08
3.168000000000000000e+04 -7.570227079321349144e-08
3.174000000000000000e+04 -7.559245197991116246e-08
3.180000000000000000e+04 -6.320980362276944187e-08
3.186000000000000000e+04 -8.169585415084464880e-08
3.192000000000000000e+04 -7.612578786358551734e-08
3.198000000000000000e+04 -2.522488194237522826e-08
3.204000000000000000e+04 -2.929986821151309217e-08
3.210000000000000000e+04 -4.146524083664208783e-08
3.216000000000000000e+04 -5.251761421264100748e-08
3.222000000000000000e+04 -3.655749955371508384e-08
3.228000000000000000e+04 -9.533484567880260193e-08
3.234000000000000000e+04 -8.407047987051459469e-08
3.240000000000000000e+04 -8.058232978125819410e-08
3.246000000000000000e+04 -4.315467706019852361e-08
3.252000000000000000e+04 -3.259188035611056420e-08
3.258000000000000000e+04 -4.233582281421473402e-08
3.264000000000000000e+04 -5.295164973972051566e-09
3.270000000000000000e+04 -2.991187344735431605e-08
3.276000000000000000e+04 -4.673585130357538198e-08
3.282000000000000000e+04 -6.399401372714682021e-08
3.288000000000000000e+04 -7.391014041578196072e-08
3.294000000000000000e+04 -8.911400014080065870e-08
3.300000000000000000e+04 -6.700011768225969948e-08
3.306000000000000000e+04 -6.671441128459909288e-08
3.312000000000000000e+04 -9.911509761863687134e-08
3.318000000000000000e+04 -1.251003207953145958e-07
3.324000000000000000e+04 -9.397155924078156039e-08
3.330000000000000000e+04 -7.084666082529204327e-08
3.336000000000000000e+04 -8.928971115760205840e-08
3.342000000000000000e+04 -9.758840034852778178e-08
3.348000000000000000e+04 -7.587089383987352092e-08
3.354000000000000000e+04 -9.138886916936853903e-08
3.360000000000000000e+04 -8.233881393186296962e-08
3.366000000000000000e+04 -9.198582708892326090e-08
3.372000000000000000e+04 -9.619593651840711570e-08
3.378000000000000000e+04 -1.093974574669272698e-07
3.384000000000000000e+04 -8.649232050318237138e-08
3.390000000000000000e+04 -5.448375412740735515e-08
3.396000000000000000e+04 -5.708664869661743259e-08
3.402000000000000000e+04 -4.861426641591948129e-08
3.408000000000000000e+04 -3.718794360045111495e-08
3.414000000000000000e+04 -4.063879184476130450e-08
3.420000000000000000e+04 -5.302966096312755750e-08
3.426000000000000000e+04 -1.321459390720795339e-08
3.432000000000000000e+04 -2.546204113720399801e-08
3.438000000000000000e+04 -5.171222045829056830e-08
3.444000000000000000e+04 -6.790651786934184501e-08
3.450000000000000000e+04 -4.528234287953792057e-08
3.456000000000000000e+04 -3.369215290476013224e-08
3.462000000000000000e+04 -3.748045591655627822e-08
3.468000000000000000e+04 -6.929024040612519727e-08
3.474000000000000000e+04 -1.382187329501451621e-07
3.480000000000000000e+04 -1.639305705518808385e-07
3.486000000000000000e+04 -1.846561626218702962e-07
3.492000000000000000e+04 -1.456111778859690397e-07
3.498000000000000000e+04 -1.447463974493569892e-07
3.504000000000000000e+04 -1.591565421759042916e-07
3.510000000000000000e+04 -7.742252168298213457e-08
3.516000000000000000e+04 3.918952335910108940e-09
3.522000000000000000e+04 3.300933218002936324e-08
3.528000000000000000e+04 1.599853324205554313e-08
3.534000000000000000e+04 2.305092065141289733e-10
3.540000000000000000e+04 -5.460740496362100052e-10
3.546000000000000000e+04 -1.214179727281050581e-08
3.552000000000000000e+04 1.042840274747639865e-08
3.558000000000000000e+04 -3.686911109190837844e-08
3.564000000000000000e+04 -9.558001925457267089e-08
3.570000000000000000e+04 -1.556070012357959221e-07
3.576000000000000000e+04 -1.682760370414158540e-07
3.582000000000000000e+04 -1.477186162779364817e-07
3.588000000000000000e+04 -1.030427247477224334e-07
3.594000000000000000e+04 -8.091894068834593586e-08
3.600000000000000000e+04 -9.233146133815392201e-08
3.606000000000000000e+04 -2.796813252578060274e-08
3.612000000000000000e+04 -2.940531179003447314e-08
3.618000000000000000e+04 -2.361451866457938383e-09
3.624000000000000000e+04 -1.768129654818502912e-08
3.630000000000000000e+04 -8.689813026201142778e-08
3.636000000000000000e+04 -8.039205070600740658e-08
3.642000000000000000e+04 -9.521156637386692916e-08
3.648000000000000000e+04 -6.528804627608611774e-08
3.654000000000000000e+04 -5.310575745959278261e-08
3.660000000000000000e+04 -5.503685423178157775e-08
3.666000000000000000e+04 -6.621813676624399834e-08
3.672000000000000000e+04 -6.650100061409795474e-08
3.678000000000000000e+04 -3.423141600247814464e-08
3.684000000000000000e+04 -1.518650812037484415e-08
3.690000000000000000e+04 -2.910852965852528329e-08
3.696000000000000000e+04 -2.204906771538506095e-08
3.702000000000000000e+04 -4.867003304207436218e-08
3.708000000000000000e+04 -2.805006002066142220e-08
3.714000000000000000e+04 -2.962398618020408233e-08
3.720000000000000000e+04 -1.716173788542570552e-08
3.726000000000000000e+04 -5.747249908251890625e-08
3.732000000000000000e+04 -8.344914120272939858e-08
3.738000000000000000e+04 -8.098513160278523210e-08
3.744000000000000000e+04 -3.804366372125537867e-08
3.750000000000000000e+04 -5.014405277068793435e-08
3.756000000000000000e+04 -9.076620906626105553e-08
3.762000000000000000e+04 -4.431715117311774276e-08
3.768000000000000000e+04 -7.654119364997509522e-08
3.774000000000000000e+04 -9.487723620395238379e-08
3.780000000000000000e+04 -9.863381200010216138e-08
3.786000000000000000e+04 -9.879230581851898277e-08
3.792000000000000000e+04 -5.012554939442618600e-08
3.798000000000000000e+04 -3.805880074992292203e-08
3.804000000000000000e+04 -1.593080885102978523e-08
3.810000000000000000e+04 -4.441870440641722813e-08
3.816000000000000000e+04 -7.516698577424152902e-08
3.822000000000000000e+04 -7.816477953769921929e-08
3.828000000000000000e+04 -9.288268339619857599e-08
3.834000000000000000e+04 -5.873525170269529724e-08
3.840000000000000000e+04 -9.484359045804080248e-08
3.846000000000000000e+04 -3.957401647202800201e-08
3.852000000000000000e+04 -2.547603592089238775e-08
3.858000000000000000e+04 -7.119683999995407575e-08
3.864000000000000000e+04 -9.942990573721480515e-08
3.870000000000000000e+04 -9.943249005990122103e-08
3.876000000000000000e+04 -1.279123872856280481e-07
3.882000000000000000e+04 -1.441240640949470411e-07
3.888000000000000000e+04 -9.556004177517970471e-08
3.894000000000000000e+04 -5.519697446679239228e-08
3.900000000000000000e+04 -2.397333593468868111e-08
3.906000000000000000e+04 -1.929086642117143061e-08
3.912000000000000000e+04 -9.702689603557450283e-08
3.918000000000000000e+04 -1.113045409053177893e-07
3.924000000000000000e+04 -1.200021743171889975e-07
3.930000000000000000e+04 -1.108090961917061221e-07
3.936000000000000000e+04 -1.125452864157022752e-07
3.942000000000000000e+04 -1.019578595323524486e-07
3.948000000000000000e+04 -7.671452272884257111e-08
3.954000000000000000e+04 -6.445060875490590505e-08
3.960000000000000000e+04 -1.351185064495108479e-08
3.966000000000000000e+04 -5.471985620395432711e-08
3.972000000000000000e+04 -2.263598444992668616e-08
3.978000000000000000e+04 -1.367729087105307162e-08
3.984000000000000000e+04 -5.797472472738688923e-08
3.990000000000000000e+04 -1.570034321255834723e-08
3.996000000000000000e+04 9.132116082199067525e-09
4.002000000000000000e+04 -2.883215165401520341e-08
4.008000000000000000e+04 -1.187514607048819227e-07
4.014000000000000000e+04 -1.662655462956556415e-07
4.020000000000000000e+04 -1.960472106927550306e-07
4.026000000000000000e+04 -2.005732220516226514e-07
4.032000000000000000e+04 -1.596297254823307249e-07
4.038000000000000000e+04 -1.449812864761044594e-07
4.044000000000000000e+04 -1.072994075972111219e-07
4.050000000000000000e+04 5.574979416190599204e-09
4.056000000000000000e+04 -4.005774639562198348e-08
4.062000000000000000e+04 -5.481708164160881268e-08
4.068000000000000000e+04 -6.639337682747918348e-08
4.074000000000000000e+04 -8.982512426150094657e-08
4.080000000000000000e+04 -7.670799018176984712e-08
4.086000000000000000e+04 -8.463590898804643787e-08
4.092000000000000000e+04 -7.166802298610071308e-08
4.098000000000000000e+04 -3.204594454705074634e-08
4.104000000000000000e+04 3.107369474300570021e-08
4.110000000000000000e+04 -1.669351197923033895e-08
4.116000000000000000e+04 -4.099085840550409531e-09
4.122000000000000000e+04 9.101373157326582441e-09
4.128000000000000000e+04 2.397418651089536994e-08
4.134000000000000000e+04 -7.129104116765372533e-09
4.140000000000000000e+04 7.340887957577035662e-09
4.146000000000000000e+04 -4.826564229167458629e-08
4.152000000000000000e+04 -1.019130363240130175e-07
4.158000000000000000e+04 -1.499341395713495565e-07
4.164000000000000000e+04 -1.809837951825589981e-07
4.170000000000000000e+04 -2.337898608778070036e-07
4.176000000000000000e+04 -1.350718923276890807e-07
4.182000000000000000e+04 -1.511026986473577309e-07
4.188000000000000000e+04 -1.299322109441873045e-07
4.194000000000000000e+04 -1.093041191588955910e-07
4.200000000000000000e+04 -1.065713274001530320e-07
4.206000000000000000e+04 -2.819741721909555869e-08
4.212000000000000000e+04 -1.252397435272389859e-08
4.218000000000000000e+04 3.120689202722644615e-08
4.224000000000000000e+04 1.450351284372023812e-08
4.230000000000000000e+04 4.380409650272624736e-08
4.236000000000000000e+04 7.561242716588404693e-08
4.242000000000000000e+04 4.526878836982421166e-08
4.248000000000000000e+04 -2.965223500211999631e-08
4.254000000000000000e+04 -6.734289702513274454e-08
4.260000000000000000e+04 -1.034300544228844458e-07
4.266000000000000000e+04 -1.306831481789200273e-07
4.272000000000000000e+04 -1.669776705334746864e-07
4.278000000000000000e+04 -1.654313764392021820e-07
4.284000000000000000e+04 -1.728132731183135204e-07
4.290000000000000000e+04 -1.536637281061153990e-07
4.296000000000000000e+04 -1.830199423496353566e-07
4.302000000000000000e+04 -1.452194729804206946e-07
4.308000000000000000e+04 -9.877677606048388950e-08
4.314000000000000000e+04 -3.878190205664859040e-09
4.320000000000000000e+04 8.321699523997546362e-08
4.326000000000000000e+04 8.910869849510413524e-08
4.332000000000000000e+04 6.507938342415845473e-08
4.338000000000000000e+04 2.346085120110327000e-08
4.344000000000000000e+04 4.381902916419933146e-08
4.350000000000000000e+04 -7.094816715837633754e-09
4.356000000000000000e+04 -1.069735966143884719e-07
4.362000000000000000e+04 -9.477269700373935636e-08
4.368000000000000000e+04 -1.323548793852787403e-07
4.374000000000000000e+04 -1.952857297871091138e-07
4.380000000000000000e+04 -1.863024977546747503e-07
4.386000000000000000e+04 -1.316521430933202229e-07
4.392000000000000000e+04 -1.441173499005845289e-07
4.398000000000000000e+04 -1.378923699049914579e-07
4.404000000000000000e+04 -1.169794545654902705e-07
4.410000000000000000e+04 -5.670637947529736792e-08
4.416000000000000000e+04 2.043197906570944496e-08
4.422000000000000000e+04 5.409514490297788051e-08
4.428000000000000000e+04 7.704344258061453518e-08
4.434000000000000000e+04 4.104943087090048011e-08
4.440000000000000000e+04 -1.627559236341835553e-09
4.446000000000000000e+04 -1.010967342942222476e-08
4.452000000000000000e+04 -2.368461640492314092e-08
4.458000000000000000e+04 -7.444089426903351676e-08
4.464000000000000000e+04 -1.642748862727231589e-07
4.470000000000000000e+04 -1.527523289635013165e-07
4.476000000000000000e+04 -1.956165758422908242e-07
4.482000000000000000e+04 -1.880858822513505450e-07
4.488000000000000000e+04 -1.038684376556085282e-07
4.494000000000000000e+04 -1.083530860899323320e-07
4.500000000000000000e+04 -1.653384210788949646e-07
4.506000000000000000e+04 -1.998189116657102641e-07
4.512000000000000000e+04 -1.861546318406015583e-07
4.518000000000000000e+04 -1.322135098213069296e-07
4.524000000000000000e+04 -9.412650395224098077e-08
4.530000000000000000e+04 -3.452708636266418048e-08
4.536000000000000000e+04 -3.960486553445293088e-08
4.542000000000000000e+04 -3.216714794286590086e-08
4.548000000000000000e+04 -5.787841914825046102e-08
4.554000000000000000e+04 -5.056182305514245322e-08
4.560000000000000000e+04 -1.936780677699404888e-08
4.566000000000000000e+04 -2.162818800478805280e-08
4.572000000000000000e+04 -2.054209598060149007e-08
4.578000000000000000e+04 -2.154900729152882740e-08
4.584000000000000000e+04 -9.798614528562973506e-09
4.590000000000000000e+04 -2.850650634908062091e-08
4.596000000000000000e+04 5.363746981984496452e-09
4.602000000000000000e+04 -7.474208137947061267e-08
4.608000000000000000e+04 -1.304418935093217383e-07
4.614000000000000000e+04 -7.651184486754299681e-08
4.620000000000000000e+04 -8.045012573516807123e-08
4.626000000000000000e+04 -5.708173917059096722e-08
4.632000000000000000e+04 -4.690781080993189621e-08
4.638000000000000000e+04 -7.102184443006734921e-08
4.644000000000000000e+04 -6.808023618129950835e-08
4.650000000000000000e+04 -1.076049624865876826e-07
4.656000000000000000e+04 -1.008904264584766424e-07
4.662000000000000000e+04 -1.232450499326816716e-07
4.668000000000000000e+04 -9.370281719214371978e-08
4.674000000000000000e+04 -8.601435608583211118e-08
4.680000000000000000e+04 -1.515765331930318816e-07
4.686000000000000000e+04 -1.484509748243128984e-07
4.692000000000000000e+04 -1.056022407613238459e-07
4.698000000000000000e+04 -5.802174701854031088e-08
4.704000000000000000e+04 -3.125066270551202362e-08
4.710000000000000000e+04 -3.054503481767871355e-08
4.716000000000000000e+04 -5.122918370556450586e-08
4.722000000000000000e+04 -3.406017239047931390e-08
4.728000000000000000e+04 -3.765257364669409028e-08
4.734000000000000000e+04 -6.352959769200435267e-08
4.740000000000000000e+04 -3.518905879370167198e-08
4.746000000000000000e+04 -4.613944252704338389e-08
4.752000000000000000e+04 -7.010172420769215378e-08
4.758000000000000000e+04 -8.904516991132168111e-08
4.764000000000000000e+04 -1.128423225153542762e-07
4.770000000000000000e+04 -7.739585612560422024e-08
4.776000000000000000e+04 -6.723416759365589417e-08
4.782000000000000000e+04 -8.472862755929307650e-08
4.788000000000000000e+04 -6.409816767569131725e-08
4.794000000000000000e+04 -4.396505333866448389e-09
4.800000000000000000e+04 1.863654034197267036e-08
4.806000000000000000e+04 -3.395939860336335315e-09
4.812000000000000000e+04 -6.829100335839037032e-08
4.818000000000000000e+04 -5.895903479012643133e-08
4.824000000000000000e+04 -1.279156864530487716e-07
4.830000000000000000e+04 -1.360584934065322998e-07
4.836000000000000000e+04 -1.844308956154329721e-07
4.842000000000000000e+04 -2.264677203833026615e-07
4.848000000000000000e+04 -1.950153946466091522e-07
4.854000000000000000e+04 -1.568665484037492120e-07
4.860000000000000000e+04 -1.394103860869605577e-07
4.866000000000000000e+04 -1.302326822747584928e-07
4.872000000000000000e+04 -4.988504782171832019e-08
4.878000000000000000e+04 -1.881975532693850533e-08
4.884000000000000000e+04 -7.022518916261858739e-09
4.890000000000000000e+04 -4.874106135262235282e-08
4.896000000000000000e+04 -3.749982387842021446e-08
4.902000000000000000e+04 -4.075545347743033129e-08
4.908000000000000000e+04 -3.344148544979589637e-08
4.914000000000000000e+04 -5.431026228267428898e-08
4.920000000000000000e+04 -4.481413804340953638e-08
4.926000000000000000e+04 -5.126712608373903263e-08
4.932000000000000000e+04 -3.343911625907265992e-08
4.938000000000000000e+04 -5.332937228497610235e-08
4.944000000000000000e+04 -7.719058105678614253e-08
4.950000000000000000e+04 -1.055763111253391926e-07
4.956000000000000000e+04 -3.295590382974370740e-08
4.962000000000000000e+04 -2.180491631004199959e-08
4.968000000000000000e+04 -1.976064890040855408e-08
4.974000000000000000e+04 -3.376326404800715103e-10
4.980000000000000000e+04 -7.527579203372992240e-09
4.986000000000000000e+04 -6.047626213064964652e-08
4.992000000000000000e+04 -9.289730758440158395e-08
4.998000000000000000e+04 -6.234374461828081091e-08
5.004000000000000000e+04 -3.034150188631346266e-08
5.010000000000000000e+04 5.399910884169855942e-08
5.016000000000000000e+04 8.528839147495248783e-08
5.022000000000000000e+04 7.243236264005414606e-08
5.028000000000000000e+04 2.369437728394948313e-08
5.034000000000000000e+04 5.125909540784623485e-08
5.040000000000000000e+04 9.251435635163988297e-09
5.046000000000000000e+04 -6.039445439772380139e-08
5.052000000000000000e+04 -1.154320574906636532e-07
5.058000000000000000e+04 -1.398305363033147569e-07
5.064000000000000000e+04 -7.026531203280691721e-08
5.070000000000000000e+04 -8.702316457789849567e-08
5.076000000000000000e+04 -1.116494012542758843e-07
5.082000000000000000e+04 -9.501260860913610679e-08
5.088000000000000000e+04 -1.724745644066568329e-07
5.094000000000000000e+04 -2.386830943972249588e-07
5.100000000000000000e+04 -1.502623674677165126e-07
5.106000000000000000e+04 -2.246589267905033876e-08
5.112000000000000000e+04 -6.058849605558117596e-08
5.118000000000000000e+04 -5.640588838483803064e-08
5.124000000000000000e+04 -5.914743176823704088e-08
5.130000000000000000e+04 -9.361932886374028642e-08
5.136000000000000000e+04 -5.326872941751233522e-08
5.142000000000000000e+04 6.659277372473663617e-09
5.148000000000000000e+04 5.733021770081928874e-08
5.154000000000000000e+04 3.902099549324874312e-08
5.160000000000000000e+04 4.452904458773776762e-08
5.166000000000000000e+04 2.046879324785200116e-08
5.172000000000000000e+04 2.893695985640987311e-08
5.178000000000000000e+04 8.051102391483839739e-09
5.184000000000000000e+04 -7.366930784453532307e-08
5.190000000000000000e+04 -1.403440154335947933e-07
5.196000000000000000e+04 -2.239601443787079754e-07
5.202000000000000000e+04 -2.339776292387361402e-07
5.208000000000000000e+04 -1.429335903988202979e-07
5.214000000000000000e+04 -8.545389115187836137e-08
5.220000000000000000e+04 -7.312579945936240628e-08
5.226000000000000000e+04 -1.094951676073689179e-07
5.232000000000000000e+04 -6.798317490630997047e-08
5.238000000000000000e+04 -7.545768979019355231e-08
5.244000000000000000e+04 -5.826824038499915229e-08
5.250000000000000000e+04 8.777486124045274400e-09
5.256000000000000000e+04 -3.836730300398975284e-08
5.262000000000000000e+04 -7.386376214592315927e-08
5.268000000000000000e+04 -8.299311671384109728e-08
5.274000000000000000e+04 -7.317556973696071584e-08
5.280000000000000000e+04 -1.296254286745762601e-07
5.286000000000000000e+04 -1.011219602498059089e-07
5.292000000000000000e+04 -1.190925383325972919e-07
5.298000000000000000e+04 -1.142308161479245963e-07
5.304000000000000000e+04 -9.860753735340769548e-08
5.310000000000000000e+04 -5.255089707938142853e-08
5.316000000000000000e+04 9.678091294346157674e-09
5.322000000000000000e+04 6.547069644457134377e-08
5.328000000000000000e+04 7.865357685455746642e-08
5.334000000000000000e+04 7.677496168788840191e-09
5.340000000000000000e+04 -6.319231857047450931e-08
5.346000000000000000e+04 -1.937714983006137153e-08
5.352000000000000000e+04 3.831251565306059538e-09
5.358000000000000000e+04 -2.918852418214619790e-08
5.364000000000000000e+04 -3.523432732579582906e-08
5.370000000000000000e+04 -4.295678987636016705e-08
5.376000000000000000e+04 -5.455760695346108665e-08
5.382000000000000000e+04 -1.570684973030191451e-07
5.388000000000000000e+04 -2.207292137193506143e-07
5.394000000000000000e+04 -1.793129116346020674e-07
5.400000000000000000e+04 -1.562004104966457918e-07
5.406000000000000000e+04 -1.599352774113438241e-07
5.412000000000000000e+04 -1.884792693758463589e-07
5.418000000000000000e+04 -8.453921444805575485e-08
5.424000000000000000e+04 6.439768272271477181e-08
5.430000000000000000e+04 2.797189431238041388e-08
5.436000000000000000e+04 -2.846315040813674057e-08
5.442000000000000000e+04 -6.183109303066480237e-08
5.448000000000000000e+04 -7.019173332070231257e-08
5.454000000000000000e+04 -5.724794694891843783e-08
5.460000000000000000e+04 -2.816025033089419739e-08
5.466000000000000000e+04 8.342378514727966761e-09
5.472000000000000000e+04 -4.895547391729297285e-08
5.478000000000000000e+04 -7.349489597105000596e-08
5.484000000000000000e+04 -2.009655996305463101e-07
5.490000000000000000e+04 -2.513222729450907085e-07
5.496000000000000000e+04 -1.457119360065659951e-07
5.502000000000000000e+04 -8.711347043363164003e-08
5.508000000000000000e+04 -1.524592106640770828e-07
5.514000000000000000e+04 -1.433007661601435616e-07
5.520000000000000000e+04 -6.804209641819251313e-08
5.526000000000000000e+04 -6.584976793173417655e-08
5.532000000000000000e+04 4.857602923502106066e-08
5.538000000000000000e+04 6.055096479357091345e-08
5.544000000000000000e+04 3.341259325132424638e-08
5.550000000000000000e+04 1.126918366783682014e-07
5.556000000000000000e+04 8.049336666498633236e-08
5.562000000000000000e+04 6.131213013763533166e-08
5.568000000000000000e+04 6.870401310747619753e-08
5.574000000000000000e+04 6.499601711204098259e-08
5.580000000000000000e+04 6.767703889659637374e-09
5.586000000000000000e+04 9.484497703882156068e-09
5.592000000000000000e+04 1.519335761634525166e-08
5.598000000000000000e+04 -5.167226438188010508e-08
5.604000000000000000e+04 -3.597506322792579929e-08
5.610000000000000000e+04 -6.588208023479887594e-08
5.616000000000000000e+04 -1.678817714738841336e-07
5.622000000000000000e+04 -1.306182138797786492e-07
5.628000000000000000e+04 -1.051277547490375692e-07
5.634000000000000000e+04 -2.085002638901878419e-07
5.640000000000000000e+04 -1.937415147123163268e-07
5.646000000000000000e+04 -1.832351777842032125e-07
5.652000000000000000e+04 -1.966073493656998347e-07
5.658000000000000000e+04 -2.175346194876100701e-07
5.664000000000000000e+04 -5.635349388602902405e-08
5.670000000000000000e+04 4.237936464465685970e-08
5.676000000000000000e+04 3.781401970078904922e-08
5.682000000000000000e+04 -1.685572982463671469e-09
5.688000000000000000e+04 -2.707171609858209297e-08
5.694000000000000000e+04 -7.306562552732154270e-08
5.700000000000000000e+04 -3.783528884776510149e-08
5.706000000000000000e+04 -9.320865132280789808e-08
5.712000000000000000e+04 -6.940917886913884637e-08
5.718000000000000000e+04 -7.236602876196467061e-08
5.724000000000000000e+04 -1.521441240527610095e-07
5.730000000000000000e+04 -1.553664733964834286e-07
5.736000000000000000e+04 -1.097220280453272381e-07
5.742000000000000000e+04 -6.861625596414159281e-11
5.748000000000000000e+04 1.191655008688415534e-07
5.754000000000000000e+04 1.972172094350891693e-07
5.760000000000000000e+04 2.002215964411654057e-07
5.766000000000000000e+04 1.924989351706254016e-07
5.772000000000000000e+04 1.478360268170978925e-07
5.778000000000000000e+04 4.849443508437208535e-08
5.784000000000000000e+04 -1.336022988551964157e-07
5.790000000000000000e+04 -1.657183332412724305e-07
5.796000000000000000e+04 -1.628886287009107087e-07
5.802000000000000000e+04 -1.960746478426450556e-07
5.808000000000000000e+04 -2.437573075098759085e-07
5.814000000000000000e+04 -2.340239438796317349e-07
5.820000000000000000e+04 -2.408750179738970423e-07
5.826000000000000000e+04 -1.491727883464605170e-07
5.832000000000000000e+04 -2.244770394149719972e-08
5.838000000000000000e+04 5.819526286271007470e-08
5.844000000000000000e+04 1.207752339412587644e-07
5.850000000000000000e+04 1.376318126427670651e-07
5.856000000000000000e+04 9.820992711712106262e-08
5.862000000000000000e+04 3.676754993288862923e-09
5.868000000000000000e+04 -3.788929824980839117e-08
5.874000000000000000e+04 -9.097688410224236662e-08
5.880000000000000000e+04 -2.135403582969458425e-07
5.886000000000000000e+04 -2.583776805990348986e-07
5.892000000000000000e+04 -3.266886198065773192e-07
5.898000000000000000e+04 -3.330377035487784078e-07
5.904000000000000000e+04 -2.791955405029069458e-07
5.910000000000000000e+04 -2.657697528302138679e-07
5.916000000000000000e+04 -1.273610114828581046e-07
5.922000000000000000e+04 -4.415997018186272186e-08
5.928000000000000000e+04 4.156077455334342846e-08
5.934000000000000000e+04 2.589872433155412031e-08
5.940000000000000000e+04 3.797752595585217174e-08
5.946000000000000000e+04 5.156916845367361664e-08
5.952000000000000000e+04 5.641506779554180523e-08
5.958000000000000000e+04 1.590708637466224206e-07
5.964000000000000000e+04 2.377058156173330323e-07
5.970000000000000000e+04 1.983910665379294166e-07
5.976000000000000000e+04 1.756909565045714988e-07
5.982000000000000000e+04 7.867719214182943869e-08
5.988000000000000000e+04 -6.326423870883779030e-10
5.994000000000000000e+04 7.909050152877609302e-09
6.000000000000000000e+04 1.733351400421782256e-08
6.006000000000000000e+04 -9.208029628481513595e-08
6.012000000000000000e+04 -6.775473836139837549e-08
6.018000000000000000e+04 -4.709606443604556086e-08
6.024000000000000000e+04 -7.466783792954104523e-08
6.030000000000000000e+04 -1.276403604833868327e-07
6.036000000000000000e+04 -1.716854883621055147e-07
6.042000000000000000e+04 -1.639644145588759034e-07
6.048000000000000000e+04 -1.561811986144449437e-07
6.054000000000000000e+04 -7.450996064202464716e-08
6.060000000000000000e+04 -3.617227438227714189e-08
6.066000000000000000e+04 -2.225011941532628601e-08
6.072000000000000000e+04 -6.775605776003964238e-08
6.078000000000000000e+04 -1.243161309500788013e-07
6.084000000000000000e+04 -2.296940250677096730e-07
6.090000000000000000e+04 -1.843758015875977426e-07
6.096000000000000000e+04 -1.623591922135514451e-07
6.102000000000000000e+04 -1.750548007096314090e-07
6.108000000000000000e+04 -1.322490899624550967e-07
6.114000000000000000e+04 -1.324066546384607633e-07
6.120000000000000000e+04 -4.407962509653251802e-08
6.126000000000000000e+04 8.118674117395252047e-08
6.132000000000000000e+04 4.277994547496888014e-09
6.138000000000000000e+04 -2.261512489544944068e-09
6.144000000000000000e+04 -2.058130103612295084e-09
6.150000000000000000e+04 3.615482330326935535e-08
6.156000000000000000e+04 1.154035560078925435e-07
6.162000000000000000e+04 8.549916540601573381e-08
6.168000000000000000e+04 8.080095563559967224e-08
6.174000000000000000e+04 -5.751218057371369609e-08
6.180000000000000000e+04 -1.065323685491929379e-07
6.186000000000000000e+04 -1.635241335498869685e-07
6.192000000000000000e+04 -2.193021907360056039e-07
6.198000000000000000e+04 -2.453602694545374054e-07
6.204000000000000000e+04 -1.759303838200452607e-07
6.210000000000000000e+04 -1.122692902658095573e-07
6.216000000000000000e+04 -4.971976101687351614e-08
6.222000000000000000e+04 -1.310153270409989793e-08
6.228000000000000000e+04 2.503879779983582961e-08
6.234000000000000000e+04 2.239982955139681838e-09
6.240000000000000000e+04 -2.067995088309478388e-08
6.246000000000000000e+04 -7.216994403862197508e-08
6.252000000000000000e+04 -2.100406283021364622e-08
6.258000000000000000e+04 -1.501191860889261465e-08
6.264000000000000000e+04 -3.583739567175151801e-08
6.270000000000000000e+04 -5.653419849540689828e-08
6.276000000000000000e+04 -1.214438461255111014e-07
6.282000000000000000e+04 -1.207026758210984705e-07
6.288000000000000000e+04 -1.764592750247197801e-07
6.294000000000000000e+04 -1.169550684970941751e-07
6.300000000000000000e+04 -8.899138434365535780e-08
6.306000000000000000e+04 -1.428536337324167357e-08
6.312000000000000000e+04 9.227233331738730607e-08
6.318000000000000000e+04 1.173154550828300001e-07
6.324000000000000000e+04 7.522112292664140652e-08
6.330000000000000000e+04 -6.657137038151849875e-09
6.336000000000000000e+04 1.636702003163237263e-08
6.342000000000000000e+04 7.574973768983047358e-08
6.348000000000000000e+04 5.299753430623721771e-08
6.354000000000000000e+04 3.765037933841734455e-08
6.360000000000000000e+04 2.954695997442006520e-08
6.366000000000000000e+04 4.353539266056342663e-08
6.372000000000000000e+04 -2.568626816546829843e-08
6.378000000000000000e+04 -8.553140309122223843e-08
6.384000000000000000e+04 -5.626909362494344198e-08
6.390000000000000000e+04 -6.362744522358612961e-08
6.396000000000000000e+04 -1.001028426195898993e-07
6.402000000000000000e+04 -6.368713141684245473e-08
6.408000000000000000e+04 -7.312651569233812022e-08
6.414000000000000000e+04 -1.539714040099671219e-07
6.420000000000000000e+04 -2.359524141820612489e-07
6.426000000000000000e+04 -2.537840371386277612e-07
6.432000000000000000e+04 -2.802246145298253676e-07
6.438000000000000000e+04 -2.428797577229875996e-07
6.444000000000000000e+04 -1.421225730785050991e-07
6.450000000000000000e+04 -5.939616037620165921e-08
6.456000000000000000e+04 3.775038078894047891e-09
6.462000000000000000e+04 5.601183848379561322e-08
6.468000000000000000e+04 4.695914806694678888e-08
6.474000000000000000e+04 7.335603257862163521e-08
6.480000000000000000e+04 4.131568464247707398e-08
6.486000000000000000e+04 7.571275454828126899e-08
6.492000000000000000e+04 1.892939782224129059e-07
6.498000000000000000e+04 1.085780864460104548e-07
6.504000000000000000e+04 -6.403492019112684850e-08
6.510000000000000000e+04 -1.319606046691623735e-07
6.516000000000000000e+04 -1.477412673485389849e-07
6.522000000000000000e+04 -1.818345332988552335e-07
6.528000000000000000e+04 -2.015215936182017048e-07
6.534000000000000000e+04 -1.045996888013554284e-07
6.540000000000000000e+04 2.925854583138894490e-08
6.546000000000000000e+04 -5.858790985818300016e-08
6.552000000000000000e+04 -8.849311323872363325e-08
6.558000000000000000e+04 -9.798743684450346458e-08
6.564000000000000000e+04 -1.375109864571362917e-07
6.570000000000000000e+04 -1.226559883923949937e-07
6.576000000000000000e+04 -1.667259168490244473e-07
6.582000000000000000e+04 -4.298566144977921956e-08
6.588000000000000000e+04 3.638548781587554600e-08
6.594000000000000000e+04 3.340111491348385232e-08
6.600000000000000000e+04 3.766256898816988398e-08
6.606000000000000000e+04 -6.963294311411923914e-09
6.612000000000000000e+04 -5.023579814772416309e-08
6.618000000000000000e+04 9.240871101980537832e-08
6.624000000000000000e+04 1.096585874969108199e-07
6.630000000000000000e+04 2.607700430162322174e-08
6.636000000000000000e+04 -1.024411270776626160e-08
6.642000000000000000e+04 -4.583738441969742582e-08
6.648000000000000000e+04 -9.548699451770078489e-08
6.654000000000000000e+04 -2.052316406660204037e-07
6.660000000000000000e+04 -2.449298363532230068e-07
6.666000000000000000e+04 -6.783971936349479626e-08
6.672000000000000000e+04 -8.776907228444837403e-08
6.678000000000000000e+04 -1.324920490110524153e-07
6.684000000000000000e+04 -1.422002428786104882e-07
6.690000000000000000e+04 -1.025585998810224471e-07
6.696000000000000000e+04 -8.061818896574572128e-08
6.702000000000000000e+04 -2.988667750942567971e-08
6.708000000000000000e+04 1.263825750569963385e-07
6.714000000000000000e+04 1.652811473314604432e-07
6.720000000000000000e+04 7.806059098731943898e-08
6.726000000000000000e+04 6.126378631586548453e-08
6.732000000000000000e+04 4.060836115762448820e-08
6.738000000000000000e+04 -1.331532586146729343e-08
6.744000000000000000e+04 4.440827239271527229e-09
6.750000000000000000e+04 2.423502952821991124e-08
6.756000000000000000e+04 -4.333649875123505451e-08
6.762000000000000000e+04 -1.306660911540302675e-07
6.768000000000000000e+04 -1.672217491998963638e-07
6.774000000000000000e+04 -1.918313112877119812e-07
6.780000000000000000e+04 -2.557142462425212046e-07
6.786000000000000000e+04 -3.006477625155703369e-07
6.792000000000000000e+04 -2.593260895273942988e-07
6.798000000000000000e+04 -2.198848944474455507e-07
6.804000000000000000e+04 -2.033364988904505012e-07
6.810000000000000000e+04 -1.649729223369746534e-07
6.816000000000000000e+04 -1.239260222311392716e-07
6.822000000000000000e+04 -2.053605188499554031e-07
6.828000000000000000e+04 -4.662369603875467911e-08
6.834000000000000000e+04 6.447485312796597508e-08
6.840000000000000000e+04 1.988862521779914132e-07
6.846000000000000000e+04 1.268160017921238172e-07
6.852000000000000000e+04 5.630519737849504478e-08
6.858000000000000000e+04 -1.161585809148398437e-08
6.864000000000000000e+04 -1.536240451051329395e-07
6.870000000000000000e+04 -2.065728752762008238e-07
6.876000000000000000e+04 -1.979124193499567082e-07
6.882000000000000000e+04 -1.516634023905153838e-07
6.888000000000000000e+04 -1.084131842605852907e-07
6.894000000000000000e+04 -1.362016540047232210e-07
6.900000000000000000e+04 -7.775986148051324273e-08
6.906000000000000000e+04 -1.441957854705448254e-08
6.912000000000000000e+04 9.969052713725464207e-08
6.918000000000000000e+04 1.651423476838748128e-07
6.924000000000000000e+04 1.932244434494264199e-07
6.930000000000000000e+04 1.422373936290262820e-07
6.936000000000000000e+04 1.075495150392596937e-07
6.942000000000000000e+04 6.336017419258469525e-08
6.948000000000000000e+04 -8.666078433264279026e-08
6.954000000000000000e+04 -1.581692270352652585e-07
6.960000000000000000e+04 -1.987329297307762367e-07
6.966000000000000000e+04 -1.879933283594851569e-07
6.972000000000000000e+04 -8.458959616167161231e-08
6.978000000000000000e+04 1.466190377002092978e-08
6.984000000000000000e+04 1.322630135796911300e-07
6.990000000000000000e+04 9.502010549014561743e-08
6.996000000000000000e+04 8.565430521627337423e-08
7.002000000000000000e+04 1.329668941166493422e-07
7.008000000000000000e+04 1.953647515064854678e-07
7.014000000000000000e+04 2.398849087827346406e-07
7.020000000000000000e+04 1.447018515810897578e-07
7.026000000000000000e+04 8.237758609037914860e-08
7.032000000000000000e+04 -1.510239048344482268e-08
7.038000000000000000e+04 -2.232058563464422863e-08
7.044000000000000000e+04 -5.286142259845287286e-08
7.050000000000000000e+04 -4.999354146934901625e-08
7.056000000000000000e+04 -1.248409953476248174e-07
7.062000000000000000e+04 -1.149850843823694599e-07
7.068000000000000000e+04 -8.581101991223897556e-08
7.074000000000000000e+04 -6.775039334191526904e-08
7.080000000000000000e+04 -9.922029149562565354e-08
7.086000000000000000e+04 -4.633796902980362299e-08
7.092000000000000000e+04 -1.185820667919806866e-07
7.098000000000000000e+04 -5.464448153517931228e-08
7.104000000000000000e+04 -4.031455271118663381e-08
7.110000000000000000e+04 2.606008851363990705e-08
7.116000000000000000e+04 -7.265789318105601571e-08
7.122000000000000000e+04 -2.245192317548716510e-07
7.128000000000000000e+04 -1.776367760969455140e-07
7.134000000000000000e+04 -2.421332297424666491e-07
7.140000000000000000e+04 -2.339235064937929763e-07
7.146000000000000000e+04 -2.398217204697035707e-07
7.152000000000000000e+04 -1.691062836059696203e-07
7.158000000000000000e+04 -1.352656094943024077e-07
7.164000000000000000e+04 -6.454534700779668818e-08
7.170000000000000000e+04 -2.138270015818640453e-08
7.176000000000000000e+04 7.053866328185036108e-08
7.182000000000000000e+04 9.491740942784339936e-08
7.188000000000000000e+04 9.172679317435057677e-08
7.194000000000000000e+04 1.441589834913723941e-07
7.200000000000000000e+04 1.801344640361736860e-07
7.206000000000000000e+04 1.790016074562176703e-07
7.212000000000000000e+04 1.461246581809424073e-07
7.218000000000000000e+04 1.199803116158406342e-07
7.224000000000000000e+04 7.336284875633646866e-08
7.230000000000000000e+04 1.531047737849770410e-08
7.236000000000000000e+04 -8.456044781636010517e-09
7.242000000000000000e+04 -9.472757800423058953e-08
7.248000000000000000e+04 -2.315232593159272101e-07
7.254000000000000000e+04 -1.558409914382413666e-07
7.260000000000000000e+04 -1.896694699014822466e-07
7.266000000000000000e+04 -1.443791857653799585e-07
7.272000000000000000e+04 -1.542685913672135205e-07
7.278000000000000000e+04 -1.630779987945909063e-07
7.284000000000000000e+04 -1.642490223755880715e-07
7.290000000000000000e+04 -9.919127412968501175e-08
7.296000000000000000e+04 -7.055635353631999041e-08
7.302000000000000000e+04 -5.839618684259454953e-08
7.308000000000000000e+04 1.799066389161774127e-08
7.314000000000000000e+04 -3.810833320710970986e-08
7.320000000000000000e+04 -2.908036528768975781e-08
7.326000000000000000e+04 -1.147652758786791642e-08
7.332000000000000000e+04 3.669476656432043157e-08
7.338000000000000000e+04 1.122574602788195475e-08
7.344000000000000000e+04 3.388672184095423982e-08
7.350000000000000000e+04 1.274587679104636632e-08
7.356000000000000000e+04 5.535932642101078899e-08
7.362000000000000000e+04 3.540849719552615212e-08
7.368000000000000000e+04 2.015713371749291223e-08
7.374000000000000000e+04 1.982687407598345350e-08
7.380000000000000000e+04 -8.931644064624766675e-09
7.386000000000000000e+04 -1.681173400689545022e-07
7.392000000000000000e+04 -1.355040720250425986e-07
7.398000000000000000e+04 -1.325845342489232858e-07
7.404000000000000000e+04 -1.792377030528785609e-07
7.410000000000000000e+04 -1.321791825137595296e-07
7.416000000000000000e+04 -8.288595818167766002e-08
7.422000000000000000e+04 -6.763397777051945986e-08
7.428000000000000000e+04 -5.662385298167242466e-08
7.434000000000000000e+04 2.592145401404214870e-08
7.440000000000000000e+04 -1.548701882650900882e-08
7.446000000000000000e+04 -4.886017692939948185e-08
7.452000000000000000e+04 -1.344691873603892534e-07
7.458000000000000000e+04 -1.476457010670302944e-07
7.464000000000000000e+04 -1.327129967135474541e-07
7.470000000000000000e+04 -6.534094477243327123e-08
7.476000000000000000e+04 -2.539393006081858007e-08
7.482000000000000000e+04 4.023344471390059300e-08
7.488000000000000000e+04 1.128021553198586326e-07
7.494000000000000000e+04 1.098556496482300249e-07
7.500000000000000000e+04 1.101704084845861438e-07
7.506000000000000000e+04 1.669912438205291781e-07
7.512000000000000000e+04 1.240841464314468343e-07
7.518000000000000000e+04 1.254970895004740299e-07
7.524000000000000000e+04 5.100534526114123694e-08
7.530000000000000000e+04 -9.951355742221501544e-08
7.536000000000000000e+04 -1.622197334499170251e-07
7.542000000000000000e+04 -2.026269604423157005e-07
7.548000000000000000e+04 -2.287699580468908535e-07
7.554000000000000000e+04 -2.701849035411050806e-07
7.560000000000000000e+04 -2.220611405290516146e-07
7.566000000000000000e+04 -1.613404788042051625e-07
7.572000000000000000e+04 -3.573535505366672313e-08
7.578000000000000000e+04 1.724845784233560371e-08
7.584000000000000000e+04 6.549009402972983370e-08
7.590000000000000000e+04 1.291574356258641871e-07
7.596000000000000000e+04 1.108490123049449298e-07
7.602000000000000000e+04 4.925340866488344400e-08
7.608000000000000000e+04 -7.577739711851309294e-08
7.614000000000000000e+04 -7.546693027345637568e-08
7.620000000000000000e+04 -7.422169498288074272e-08
7.626000000000000000e+04 -1.029528440882101157e-07
7.632000000000000000e+04 -1.348312738539321985e-07
7.638000000000000000e+04 -1.631016121853475335e-07
7.644000000000000000e+04 -2.033714487760287021e-07
7.650000000000000000e+04 -1.861568291114390483e-07
7.656000000000000000e+04 -8.127235542031615032e-08
7.662000000000000000e+04 3.440327189171976928e-08
7.668000000000000000e+04 1.238514090979904786e-07
7.674000000000000000e+04 1.995137762414907646e-07
7.680000000000000000e+04 2.359554996361756701e-07
7.686000000000000000e+04 2.272909866023881226e-07
7.692000000000000000e+04 2.882017129336491233e-07
7.698000000000000000e+04 3.203997372803792702e-07
