# time [s],mass_flux [gH2O/s]
0.000000000000000000e+00 -4.625929269271485521e-19
6.000000000000000000e+01 -5.249553627610069678e-06
1.200000000000000000e+02 -1.018234789265254867e-05
1.800000000000000000e+02 -1.447097835768027945e-05
2.400000000000000000e+02 -1.789148164713846506e-05
3.000000000000000000e+02 -2.031752000631511300e-05
3.600000000000000000e+02 -2.163222969983058655e-05
4.200000000000000000e+02 -2.188144413974383169e-05
4.800000000000000000e+02 -2.122813312672722287e-05
5.400000000000000000e+02 -2.002194802684144765e-05
6.000000000000000000e+02 -1.891907321585998978e-05
6.600000000000000000e+02 -1.879978546778654367e-05
7.200000000000000000e+02 -1.860392210388944824e-05
7.800000000000000000e+02 -1.830649125518328535e-05
8.400000000000000000e+02 -1.794817708904716678e-05
9.000000000000000000e+02 -1.752893965479042495e-05
9.600000000000000000e+02 -1.707797325290564484e-05
1.020000000000000000e+03 -1.664256928810107993e-05
1.080000000000000000e+03 -1.619851539605664316e-05
1.140000000000000000e+03 -1.577020190101132422e-05
1.200000000000000000e+03 -1.532890705225643802e-05
1.260000000000000000e+03 -1.485268875683505123e-05
1.320000000000000000e+03 -1.440127150911877304e-05
1.380000000000000000e+03 -1.403404326552915963e-05
1.440000000000000000e+03 -1.368137733795555084e-05
1.500000000000000000e+03 -1.331226709490850453e-05
1.560000000000000000e+03 -1.291847583656061985e-05
1.620000000000000000e+03 -1.244855611162975148e-05
1.680000000000000000e+03 -1.195370785140361311e-05
1.740000000000000000e+03 -1.149616181455234247e-05
1.800000000000000000e+03 -1.105653414530047353e-05
1.860000000000000000e+03 -1.060200300782507266e-05
1.920000000000000000e+03 -1.015791850073633798e-05
1.980000000000000000e+03 -9.702071277258722537e-06
2.040000000000000000e+03 -9.303233726907940415e-06
2.100000000000000000e+03 -9.014336226023772131e-06
2.160000000000000000e+03 -8.806218406781177538e-06
2.220000000000000000e+03 -8.620847329235635842e-06
2.280000000000000000e+03 -8.487699051569485781e-06
2.340000000000000000e+03 -8.420679905971063095e-06
2.400000000000000000e+03 -8.429799045267296476e-06
2.460000000000000000e+03 -8.483511218879020299e-06
2.520000000000000000e+03 -8.542918048767833900e-06
2.580000000000000000e+03 -8.593385101870442205e-06
2.640000000000000000e+03 -8.644404586207950924e-06
2.700000000000000000e+03 -8.669035693424874389e-06
2.760000000000000000e+03 -8.673485083645950122e-06
2.820000000000000000e+03 -8.642318801559596708e-06
2.880000000000000000e+03 -8.531026864694544331e-06
2.940000000000000000e+03 -8.337392437420220232e-06
3.000000000000000000e+03 -8.119764343243624988e-06
3.060000000000000000e+03 -7.903179654872305110e-06
3.120000000000000000e+03 -7.692492381865603123e-06
3.180000000000000000e+03 -7.502484015724462082e-06
3.240000000000000000e+03 -7.301504789000480905e-06
3.300000000000000000e+03 -7.093383782891491551e-06
3.360000000000000000e+03 -6.925876557793350991e-06
3.420000000000000000e+03 -6.818719478849285387e-06
3.480000000000000000e+03 -6.720429129729079543e-06
3.540000000000000000e+03 -6.607779945131767899e-06
3.600000000000000000e+03 -6.505112108151402975e-06
3.660000000000000000e+03 -6.424025019033964376e-06
3.720000000000000000e+03 -6.328385808097164444e-06
3.780000000000000000e+03 -6.170112264460592832e-06
3.840000000000000000e+03 -6.008106394124352298e-06
3.900000000000000000e+03 -5.891944824610445891e-06
3.960000000000000000e+03 -5.806909993856523505e-06
4.020000000000000000e+03 -5.718020837026243858e-06
4.080000000000000000e+03 -5.624852447556316107e-06
4.140000000000000000e+03 -5.570362779948439561e-06
4.200000000000000000e+03 -5.533624259206176144e-06
4.260000000000000000e+03 -5.469491080578129358e-06
4.320000000000000000e+03 -5.386309760554176637e-06
4.380000000000000000e+03 -5.278565448504334193e-06
4.440000000000000000e+03 -5.158353749639549121e-06
4.500000000000000000e+03 -5.054021375816332609e-06
4.560000000000000000e+03 -4.956297118564300350e-06
4.620000000000000000e+03 -4.841843830332218102e-06
4.680000000000000000e+03 -4.725675477139252434e-06
4.740000000000000000e+03 -4.618989004049935640e-06
4.800000000000000000e+03 -4.513159828262170051e-06
4.860000000000000000e+03 -4.387570362418199637e-06
4.920000000000000000e+03 -4.299140057779116988e-06
4.980000000000000000e+03 -4.318098342717333060e-06
5.040000000000000000e+03 -4.360124834230580223e-06
5.100000000000000000e+03 -4.321318493245967024e-06
5.160000000000000000e+03 -4.277219394595531230e-06
5.220000000000000000e+03 -4.283293817429941269e-06
5.280000000000000000e+03 -4.279835552002675233e-06
5.340000000000000000e+03 -4.273907740218417167e-06
5.400000000000000000e+03 -4.276629213818827429e-06
5.460000000000000000e+03 -4.230429537276670684e-06
5.520000000000000000e+03 -4.141410910946454965e-06
5.580000000000000000e+03 -4.047845427961512157e-06
5.640000000000000000e+03 -3.912968277650201623e-06
5.700000000000000000e+03 -3.627952191331829113e-06
5.760000000000000000e+03 -3.342154454440022721e-06
5.820000000000000000e+03 -3.355939065625169676e-06
5.880000000000000000e+03 -3.497554854959422474e-06
5.940000000000000000e+03 -3.534354826584378430e-06
6.000000000000000000e+03 -3.524846951172393511e-06
6.060000000000000000e+03 -3.566129520294822500e-06
6.120000000000000000e+03 -3.589633610059002683e-06
6.180000000000000000e+03 -3.562614193708980255e-06
6.240000000000000000e+03 -3.542627132958886538e-06
6.300000000000000000e+03 -3.512869633957166422e-06
6.360000000000000000e+03 -3.411639210742940448e-06
6.420000000000000000e+03 -3.220593632677348857e-06
6.480000000000000000e+03 -2.988648873499209249e-06
6.540000000000000000e+03 -2.761282020171188041e-06
6.600000000000000000e+03 -2.605920878875553433e-06
6.660000000000000000e+03 -2.521806592710220106e-06
6.720000000000000000e+03 -2.494105498841714227e-06
6.780000000000000000e+03 -2.644628059925504923e-06
6.840000000000000000e+03 -2.926148495729918864e-06
6.900000000000000000e+03 -3.152933880574855000e-06
6.960000000000000000e+03 -3.205908029188404575e-06
7.020000000000000000e+03 -3.149791569424682537e-06
7.080000000000000000e+03 -3.188549922251519322e-06
7.140000000000000000e+03 -3.281788925515542393e-06
7.200000000000000000e+03 -3.266060759938779756e-06
7.260000000000000000e+03 -3.118868878316504324e-06
7.320000000000000000e+03 -2.907437329133233299e-06
7.380000000000000000e+03 -2.632306631496101902e-06
7.440000000000000000e+03 -2.351996492841110146e-06
7.500000000000000000e+03 -2.014592126590303374e-06
7.560000000000000000e+03 -1.729338030936888955e-06
7.620000000000000000e+03 -1.762604967270551626e-06
7.680000000000000000e+03 -1.953047190733173991e-06
7.740000000000000000e+03 -2.105437157873373338e-06
7.800000000000000000e+03 -2.249540454972905661e-06
7.860000000000000000e+03 -2.369686481534215559e-06
7.920000000000000000e+03 -2.403395242852462892e-06
7.980000000000000000e+03 -2.301143570997490725e-06
8.040000000000000000e+03 -2.249827268684806510e-06
8.100000000000000000e+03 -2.343074381643226854e-06
8.160000000000000000e+03 -2.346515527616374438e-06
8.220000000000000000e+03 -2.173201796338540813e-06
8.280000000000000000e+03 -2.008291913217890011e-06
8.340000000000000000e+03 -1.916305169573940827e-06
8.400000000000000000e+03 -1.822331624539569359e-06
8.460000000000000000e+03 -1.687219273360217754e-06
8.520000000000000000e+03 -1.589069471998281547e-06
8.580000000000000000e+03 -1.651473695164426632e-06
8.640000000000000000e+03 -1.805352160003335407e-06
8.700000000000000000e+03 -1.904985612249018030e-06
8.760000000000000000e+03 -1.820268372017379849e-06
8.820000000000000000e+03 -1.618760870056070408e-06
8.880000000000000000e+03 -1.510029889425478464e-06
8.940000000000000000e+03 -1.529566047805500922e-06
9.000000000000000000e+03 -1.569385331927700133e-06
9.060000000000000000e+03 -1.561928308887900819e-06
9.120000000000000000e+03 -1.532909127190234219e-06
9.180000000000000000e+03 -1.475501136872480347e-06
9.240000000000000000e+03 -1.423730339912554403e-06
9.300000000000000000e+03 -1.494115346120071996e-06
9.360000000000000000e+03 -1.635484679619186865e-06
9.420000000000000000e+03 -1.746601941353629780e-06
9.480000000000000000e+03 -1.826039672398379169e-06
9.540000000000000000e+03 -1.953803634784206064e-06
9.600000000000000000e+03 -2.072423765885067662e-06
9.660000000000000000e+03 -2.027060539009963375e-06
9.720000000000000000e+03 -1.845721211433023080e-06
9.780000000000000000e+03 -1.645563821848818615e-06
9.840000000000000000e+03 -1.528714363873787945e-06
9.900000000000000000e+03 -1.457221106623713674e-06
9.960000000000000000e+03 -1.308193628625844899e-06
1.002000000000000000e+04 -1.172885400740897395e-06
1.008000000000000000e+04 -1.098269501687357221e-06
1.014000000000000000e+04 -1.002810583743939629e-06
1.020000000000000000e+04 -9.417424790856415494e-07
1.026000000000000000e+04 -9.196756271182919159e-07
1.032000000000000000e+04 -9.441051584800168137e-07
1.038000000000000000e+04 -1.119924109947480641e-06
1.044000000000000000e+04 -1.280302594996660189e-06
1.050000000000000000e+04 -1.277105160659916485e-06
1.056000000000000000e+04 -1.245702004576294385e-06
1.062000000000000000e+04 -1.214840847259141941e-06
1.068000000000000000e+04 -1.116625366451989843e-06
1.074000000000000000e+04 -9.228639025469127756e-07
1.080000000000000000e+04 -8.097080976290222256e-07
1.086000000000000000e+04 -8.413526641424852639e-07
1.092000000000000000e+04 -8.751077787468725111e-07
1.098000000000000000e+04 -9.271480385640342273e-07
1.104000000000000000e+04 -1.065666536264817195e-06
1.110000000000000000e+04 -1.288213367680914437e-06
1.116000000000000000e+04 -1.412250530111990594e-06
1.122000000000000000e+04 -1.294839190024363360e-06
1.128000000000000000e+04 -1.161850478940152763e-06
1.134000000000000000e+04 -1.141103785861144555e-06
1.140000000000000000e+04 -1.177252157554912591e-06
1.146000000000000000e+04 -1.277616674507977285e-06
1.152000000000000000e+04 -1.299800323942626372e-06
1.158000000000000000e+04 -1.083120954725042038e-06
1.164000000000000000e+04 -8.587909064545577762e-07
1.170000000000000000e+04 -8.666723289967037669e-07
1.176000000000000000e+04 -9.668418663489007456e-07
1.182000000000000000e+04 -9.813674499504580158e-07
1.188000000000000000e+04 -9.890357407737332830e-07
1.194000000000000000e+04 -1.122639061588183048e-06
1.200000000000000000e+04 -1.302613849728587223e-06
1.206000000000000000e+04 -1.447830896915067252e-06
1.212000000000000000e+04 -1.508628140268220877e-06
1.218000000000000000e+04 -1.454314008700792905e-06
1.224000000000000000e+04 -1.330262642753460374e-06
1.230000000000000000e+04 -1.127849425685417641e-06
1.236000000000000000e+04 -9.266548804840365243e-07
1.242000000000000000e+04 -8.051520802592841517e-07
1.248000000000000000e+04 -6.545167531686601824e-07
1.254000000000000000e+04 -2.905956230947239319e-07
1.260000000000000000e+04 6.492364857113574763e-08
1.266000000000000000e+04 -6.365771399683787528e-08
1.272000000000000000e+04 -5.174433343459646555e-07
1.278000000000000000e+04 -1.007980461120138371e-06
1.284000000000000000e+04 -1.328390782281164411e-06
1.290000000000000000e+04 -1.363363696096792957e-06
1.296000000000000000e+04 -1.352503841175675723e-06
1.302000000000000000e+04 -1.348808121693148480e-06
1.308000000000000000e+04 -1.239783007434917382e-06
1.314000000000000000e+04 -1.168649215098234048e-06
1.320000000000000000e+04 -1.145396082540805180e-06
1.326000000000000000e+04 -1.045379752919716429e-06
1.332000000000000000e+04 -8.708119331279444039e-07
1.338000000000000000e+04 -6.096596577975094133e-07
1.344000000000000000e+04 -3.785836006582610425e-07
1.350000000000000000e+04 -3.984306194776410025e-07
1.356000000000000000e+04 -5.232116698777646829e-07
1.362000000000000000e+04 -5.180181066673690941e-07
1.368000000000000000e+04 -5.797376407510000482e-07
1.374000000000000000e+04 -1.002496958652533126e-06
1.380000000000000000e+04 -1.309284310876841254e-06
1.386000000000000000e+04 -1.106864927298325089e-06
1.392000000000000000e+04 -8.516358612193260416e-07
1.398000000000000000e+04 -6.936831999343473922e-07
1.404000000000000000e+04 -5.575013390689738359e-07
1.410000000000000000e+04 -5.030353086537634907e-07
1.416000000000000000e+04 -5.034736646591931188e-07
1.422000000000000000e+04 -5.863828599967044981e-07
1.428000000000000000e+04 -6.116470954027388065e-07
1.434000000000000000e+04 -4.178336707752472245e-07
1.440000000000000000e+04 -2.661298675098409451e-07
1.446000000000000000e+04 -3.060752122410979171e-07
1.452000000000000000e+04 -4.254521106751331881e-07
1.458000000000000000e+04 -5.710023127719852327e-07
1.464000000000000000e+04 -6.231885210570415203e-07
1.470000000000000000e+04 -4.979325923127470022e-07
1.476000000000000000e+04 -4.800360030476901872e-07
1.482000000000000000e+04 -7.385377514088075766e-07
1.488000000000000000e+04 -9.111771510565229045e-07
1.494000000000000000e+04 -7.489076045622914842e-07
1.500000000000000000e+04 -5.761898301915452169e-07
1.506000000000000000e+04 -6.065186799175207328e-07
1.512000000000000000e+04 -6.936584224642253788e-07
1.518000000000000000e+04 -7.283212748309999523e-07
1.524000000000000000e+04 -7.205247695885504514e-07
1.530000000000000000e+04 -6.867287606980577032e-07
1.536000000000000000e+04 -6.382340509297062668e-07
1.542000000000000000e+04 -6.851868776285713548e-07
1.548000000000000000e+04 -8.172988829660091676e-07
1.554000000000000000e+04 -9.166989811544336467e-07
1.560000000000000000e+04 -9.121048557385787997e-07
1.566000000000000000e+04 -7.262277065645666784e-07
1.572000000000000000e+04 -5.251400078702903824e-07
1.578000000000000000e+04 -5.153785430765204886e-07
1.584000000000000000e+04 -6.145551606775527563e-07
1.590000000000000000e+04 -7.835254453759006980e-07
1.596000000000000000e+04 -8.889047518191121485e-07
1.602000000000000000e+04 -8.031189110678284674e-07
1.608000000000000000e+04 -6.953801995022990123e-07
1.614000000000000000e+04 -6.583465972313796024e-07
1.620000000000000000e+04 -5.786428256411337192e-07
1.626000000000000000e+04 -4.353658677158876330e-07
1.632000000000000000e+04 -3.474992663650191002e-07
1.638000000000000000e+04 -2.751351675911682278e-07
1.644000000000000000e+04 -1.802653583037050478e-07
1.650000000000000000e+04 -1.213780398136068029e-07
1.656000000000000000e+04 -6.097556887891171793e-08
1.662000000000000000e+04 2.550321149483632806e-08
1.668000000000000000e+04 1.979586348640112943e-08
1.674000000000000000e+04 -1.062161136965629995e-07
1.680000000000000000e+04 -2.861254361756030552e-07
1.686000000000000000e+04 -4.949166746238964566e-07
1.692000000000000000e+04 -5.990745056629516844e-07
1.698000000000000000e+04 -4.916128844510934567e-07
1.704000000000000000e+04 -3.628140250298376291e-07
1.710000000000000000e+04 -3.762555978423926079e-07
1.716000000000000000e+04 -4.854428822121068538e-07
1.722000000000000000e+04 -5.934314253550528867e-07
1.728000000000000000e+04 -6.305169133638081510e-07
1.734000000000000000e+04 -5.676395926559654175e-07
1.740000000000000000e+04 -4.623658383526990868e-07
1.746000000000000000e+04 -4.003028315273845277e-07
1.752000000000000000e+04 -4.134019947457425402e-07
1.758000000000000000e+04 -4.857311620933233660e-07
1.764000000000000000e+04 -5.094520781677668062e-07
1.770000000000000000e+04 -3.963155451257536651e-07
1.776000000000000000e+04 -2.352862189143600791e-07
1.782000000000000000e+04 -1.376885839239616499e-07
1.788000000000000000e+04 -1.288865532728574243e-07
1.794000000000000000e+04 -1.899109790939879030e-07
1.800000000000000000e+04 -3.159405125179038033e-07
1.806000000000000000e+04 -5.585504988147444106e-07
1.812000000000000000e+04 -8.216512039676410407e-07
1.818000000000000000e+04 -9.894041873527668292e-07
1.824000000000000000e+04 -1.000529038253095222e-06
1.830000000000000000e+04 -8.715161985651161729e-07
1.836000000000000000e+04 -7.529430682707421996e-07
1.842000000000000000e+04 -6.620563717172484465e-07
1.848000000000000000e+04 -5.476070026575601955e-07
1.854000000000000000e+04 -4.070364356012490354e-07
1.860000000000000000e+04 -2.261140628254341586e-07
1.866000000000000000e+04 -1.657732741147665979e-08
1.872000000000000000e+04 1.139408813201579328e-07
1.878000000000000000e+04 6.575403459311660874e-08
1.884000000000000000e+04 -9.318499794135533275e-08
1.890000000000000000e+04 -2.834769922636232176e-07
1.896000000000000000e+04 -4.210958129602139997e-07
1.902000000000000000e+04 -4.768504041597713992e-07
1.908000000000000000e+04 -5.192488528062838983e-07
1.914000000000000000e+04 -5.149031216753150470e-07
1.920000000000000000e+04 -4.549953828668351630e-07
1.926000000000000000e+04 -3.880979831688095139e-07
1.932000000000000000e+04 -3.627152881509795084e-07
1.938000000000000000e+04 -3.616826645441023825e-07
1.944000000000000000e+04 -3.157029060249736625e-07
1.950000000000000000e+04 -2.289952353205781996e-07
1.956000000000000000e+04 -1.748126668134804613e-07
1.962000000000000000e+04 -1.858751142786117466e-07
1.968000000000000000e+04 -2.280884748545597312e-07
1.974000000000000000e+04 -2.706103015746863304e-07
1.980000000000000000e+04 -2.911821532348054397e-07
1.986000000000000000e+04 -2.331603748535054815e-07
1.992000000000000000e+04 -1.515746519660289899e-07
1.998000000000000000e+04 -1.788429918650700664e-07
2.004000000000000000e+04 -3.160918334341178309e-07
2.010000000000000000e+04 -5.049771553778069387e-07
2.016000000000000000e+04 -6.565131629387987788e-07
2.022000000000000000e+04 -7.149995835725499151e-07
2.028000000000000000e+04 -7.341915348683253351e-07
2.034000000000000000e+04 -7.479642645259974462e-07
2.040000000000000000e+04 -7.054871019591494760e-07
2.046000000000000000e+04 -6.052234322448622146e-07
2.052000000000000000e+04 -4.959771565130055359e-07
2.058000000000000000e+04 -3.610288668164559182e-07
2.064000000000000000e+04 -1.980634662890334905e-07
2.070000000000000000e+04 -5.460296776544267270e-08
2.076000000000000000e+04 6.028842968244333958e-08
2.082000000000000000e+04 1.571930851872414380e-07
2.088000000000000000e+04 1.930719007667743565e-07
2.094000000000000000e+04 1.522409403315975573e-07
2.100000000000000000e+04 3.748270544547590284e-08
2.106000000000000000e+04 -1.786263437100985845e-07
2.112000000000000000e+04 -3.409158761890721869e-07
2.118000000000000000e+04 -3.663666673817816754e-07
2.124000000000000000e+04 -3.765589818120751442e-07
2.130000000000000000e+04 -3.465278396909641781e-07
2.136000000000000000e+04 -3.064536753607377645e-07
2.142000000000000000e+04 -3.265008655070853595e-07
2.148000000000000000e+04 -3.570195778384438256e-07
2.154000000000000000e+04 -4.055847077251428789e-07
2.160000000000000000e+04 -4.397765062998798546e-07
2.166000000000000000e+04 -3.940161531404880889e-07
2.172000000000000000e+04 -3.211064484556075616e-07
2.178000000000000000e+04 -2.086227816514019012e-07
2.184000000000000000e+04 -8.931043679281472931e-08
2.190000000000000000e+04 -1.389966380592235321e-07
2.196000000000000000e+04 -2.840890566987534390e-07
2.202000000000000000e+04 -3.757910614609246145e-07
2.208000000000000000e+04 -4.211397429566600689e-07
2.214000000000000000e+04 -4.227537978757772813e-07
2.220000000000000000e+04 -3.781814128552922091e-07
2.226000000000000000e+04 -3.382988869447822839e-07
2.232000000000000000e+04 -3.014663358708498778e-07
2.238000000000000000e+04 -2.009826372319686023e-07
2.244000000000000000e+04 -1.166514603763898148e-07
2.250000000000000000e+04 -1.445471620776378580e-07
2.256000000000000000e+04 -1.836800342280148160e-07
2.262000000000000000e+04 -1.740467210208096577e-07
2.268000000000000000e+04 -1.367058187584184067e-07
2.274000000000000000e+04 -5.374158709899508621e-08
2.280000000000000000e+04 -1.376658309582464331e-08
2.286000000000000000e+04 -8.640928194728984802e-08
2.292000000000000000e+04 -2.129657835726883555e-07
2.298000000000000000e+04 -3.487356235487801948e-07
2.304000000000000000e+04 -3.756160097582774464e-07
2.310000000000000000e+04 -2.386543025318053191e-07
2.316000000000000000e+04 -1.601357436739151817e-07
2.322000000000000000e+04 -2.379522243792462743e-07
2.328000000000000000e+04 -3.464828238610116242e-07
2.334000000000000000e+04 -4.316323330112263103e-07
2.340000000000000000e+04 -4.553205656329661899e-07
2.346000000000000000e+04 -3.850255419136916596e-07
2.352000000000000000e+04 -3.310314217873366988e-07
2.358000000000000000e+04 -3.730691348301923177e-07
2.364000000000000000e+04 -3.939752625965279856e-07
2.370000000000000000e+04 -3.354245159451161747e-07
2.376000000000000000e+04 -2.647357487565310318e-07
2.382000000000000000e+04 -1.992225751759150617e-07
2.388000000000000000e+04 -1.403581577829234379e-07
2.394000000000000000e+04 -8.759782131768460425e-08
2.400000000000000000e+04 -3.033332214285681266e-08
2.406000000000000000e+04 1.388261955601044451e-08
2.412000000000000000e+04 1.797600565252762335e-08
2.418000000000000000e+04 -5.347706753811021395e-09
2.424000000000000000e+04 -4.045628408215485015e-08
2.430000000000000000e+04 -1.099317816763423164e-07
2.436000000000000000e+04 -1.814633155499539746e-07
2.442000000000000000e+04 -2.150311503758504388e-07
2.448000000000000000e+04 -2.548442126088419921e-07
2.454000000000000000e+04 -2.842728894407222422e-07
2.460000000000000000e+04 -3.119626240032554503e-07
2.466000000000000000e+04 -4.652460786296516037e-07
2.472000000000000000e+04 -6.122507250515505601e-07
2.478000000000000000e+04 -6.178371652388464217e-07
2.484000000000000000e+04 -5.499373767379560383e-07
2.490000000000000000e+04 -4.290309794368942229e-07
2.496000000000000000e+04 -2.776477041412789388e-07
2.502000000000000000e+04 -1.441970910609028766e-07
2.508000000000000000e+04 -3.136566349044856005e-08
2.514000000000000000e+04 7.638958368083593161e-08
2.520000000000000000e+04 1.730670762479837531e-07
2.526000000000000000e+04 2.280703251456249131e-07
2.532000000000000000e+04 2.258667218651052295e-07
2.538000000000000000e+04 1.598238889355859336e-07
2.544000000000000000e+04 8.595850062934524992e-08
2.550000000000000000e+04 6.836077133740014492e-08
2.556000000000000000e+04 3.509095253482104745e-08
2.562000000000000000e+04 -6.903573759678890403e-08
2.568000000000000000e+04 -2.199761894441237872e-07
2.574000000000000000e+04 -4.113298285132738314e-07
2.580000000000000000e+04 -5.255531422101074292e-07
2.586000000000000000e+04 -4.501938954905073341e-07
2.592000000000000000e+04 -3.559416739285642395e-07
2.598000000000000000e+04 -3.008216733262069963e-07
2.604000000000000000e+04 -2.510862516636366159e-07
2.610000000000000000e+04 -2.613048477309818603e-07
2.616000000000000000e+04 -2.862513203600453133e-07
2.622000000000000000e+04 -2.971806759712036677e-07
2.628000000000000000e+04 -3.157960408803571198e-07
2.634000000000000000e+04 -3.463332265181649486e-07
2.640000000000000000e+04 -3.384963500338335811e-07
2.646000000000000000e+04 -2.246761974851000764e-07
2.652000000000000000e+04 -8.264646737810021904e-08
2.658000000000000000e+04 -1.221304521461611707e-08
2.664000000000000000e+04 -1.778936691403572720e-08
2.670000000000000000e+04 -1.040405652489214322e-07
2.676000000000000000e+04 -1.764605196760924703e-07
2.682000000000000000e+04 -1.323059449544657647e-07
2.688000000000000000e+04 -5.715965429841281672e-08
2.694000000000000000e+04 -6.512939162983677477e-08
2.700000000000000000e+04 -1.399551579179629026e-07
2.706000000000000000e+04 -2.313906392866169949e-07
2.712000000000000000e+04 -2.957889055033487751e-07
2.718000000000000000e+04 -2.692593030458970922e-07
2.724000000000000000e+04 -1.892476231654671820e-07
2.730000000000000000e+04 -1.809039998941266154e-07
2.736000000000000000e+04 -2.204114440605003838e-07
2.742000000000000000e+04 -2.376945287246162719e-07
2.748000000000000000e+04 -2.234376045722602617e-07
2.754000000000000000e+04 -1.050318503862298275e-07
2.760000000000000000e+04 -1.224288932247241635e-08
2.766000000000000000e+04 -1.695294092197985219e-07
2.772000000000000000e+04 -3.685380147924512415e-07
2.778000000000000000e+04 -4.239240850385563529e-07
2.784000000000000000e+04 -4.045547851788215190e-07
2.790000000000000000e+04 -3.094285765189071617e-07
2.796000000000000000e+04 -2.147313593116549179e-07
2.802000000000000000e+04 -1.938933738061347333e-07
2.808000000000000000e+04 -1.308381325397974469e-07
2.814000000000000000e+04 3.004088758654099856e-08
2.820000000000000000e+04 1.602567668889757707e-07
2.826000000000000000e+04 2.096725484040939840e-07
2.832000000000000000e+04 1.925733184013345092e-07
2.838000000000000000e+04 9.913300266968979044e-08
2.844000000000000000e+04 5.339097242755552620e-08
2.850000000000000000e+04 1.380265458405157298e-07
2.856000000000000000e+04 1.856954708360132939e-07
2.862000000000000000e+04 1.216698352713106225e-07
2.868000000000000000e+04 -2.909380114798446952e-08
2.874000000000000000e+04 -2.504218797977816095e-07
2.880000000000000000e+04 -3.570774671267142646e-07
2.886000000000000000e+04 -2.846210369279502326e-07
2.892000000000000000e+04 -2.253899736165872743e-07
2.898000000000000000e+04 -2.057850580920265676e-07
2.904000000000000000e+04 -1.801867765655977062e-07
2.910000000000000000e+04 -1.609199566358447241e-07
2.916000000000000000e+04 -1.244130784118271100e-07
2.922000000000000000e+04 -9.531306728721248042e-08
2.928000000000000000e+04 -9.108272255644681322e-08
2.934000000000000000e+04 -9.066663095302907038e-08
2.940000000000000000e+04 -8.537431617760641317e-08
2.946000000000000000e+04 -8.345070835538704298e-08
2.952000000000000000e+04 -8.542599529033172135e-08
2.958000000000000000e+04 -9.007100280287080036e-08
2.964000000000000000e+04 -1.085341304364606518e-07
2.970000000000000000e+04 -1.563286897072792673e-07
2.976000000000000000e+04 -1.855667193119877213e-07
2.982000000000000000e+04 -1.509083841381986204e-07
2.988000000000000000e+04 -9.641940989536338927e-08
2.994000000000000000e+04 -3.525609566986757772e-08
3.000000000000000000e+04 3.068775867275108649e-08
3.006000000000000000e+04 7.642648006759196499e-08
3.012000000000000000e+04 7.473343906459762030e-08
3.018000000000000000e+04 1.701007296024681304e-08
3.024000000000000000e+04 -6.042838038231486430e-08
3.030000000000000000e+04 -1.346418590583940149e-07
3.036000000000000000e+04 -1.888759698785019650e-07
3.042000000000000000e+04 -2.260353296864442365e-07
3.048000000000000000e+04 -2.693271340770825094e-07
3.054000000000000000e+04 -3.041502389030762968e-07
3.060000000000000000e+04 -3.114235825612173384e-07
3.066000000000000000e+04 -2.769321882877678781e-07
3.072000000000000000e+04 -2.282925051612140827e-07
3.078000000000000000e+04 -2.095228464229585304e-07
3.084000000000000000e+04 -1.959390727221862084e-07
3.090000000000000000e+04 -1.693532662353410435e-07
3.096000000000000000e+04 -1.538386755213505435e-07
3.102000000000000000e+04 -1.521543483206054039e-07
3.108000000000000000e+04 -1.466955982587965999e-07
3.114000000000000000e+04 -1.356640795586542657e-07
3.120000000000000000e+04 -1.138166819641498770e-07
3.126000000000000000e+04 -9.018495845808382509e-08
3.132000000000000000e+04 -7.457855036920960916e-08
3.138000000000000000e+04 -4.676304252900405774e-08
3.144000000000000000e+04 -2.714444324314335556e-08
3.150000000000000000e+04 -5.126203207449682860e-08
3.156000000000000000e+04 -8.230946552297465088e-08
3.162000000000000000e+04 -9.998140868376636540e-08
3.168000000000000000e+04 -1.219953647314114926e-07
3.174000000000000000e+04 -1.325177164079640203e-07
3.180000000000000000e+04 -1.343731912883024466e-07
3.186000000000000000e+04 -1.294626158236435674e-07
3.192000000000000000e+04 -1.041583433313471779e-07
3.198000000000000000e+04 -9.124810864622375502e-08
3.204000000000000000e+04 -9.498737041022109473e-08
3.210000000000000000e+04 -5.983997586380315451e-08
3.216000000000000000e+04 -2.149474214706755334e-08
3.222000000000000000e+04 -4.316006121767024251e-08
3.228000000000000000e+04 -9.128747352644498983e-08
3.234000000000000000e+04 -1.377073838634603471e-07
3.240000000000000000e+04 -1.698583830673829510e-07
3.246000000000000000e+04 -1.824194856806423241e-07
3.252000000000000000e+04 -1.926236342764120374e-07
3.258000000000000000e+04 -1.919349019417066033e-07
3.264000000000000000e+04 -1.585233922718707774e-07
3.270000000000000000e+04 -9.836831547938481033e-08
3.276000000000000000e+04 -3.995744099610324810e-08
3.282000000000000000e+04 2.198049746717870783e-08
3.288000000000000000e+04 5.811942616398372832e-08
3.294000000000000000e+04 3.812424809353232025e-08
3.300000000000000000e+04 -1.259955260679568246e-08
3.306000000000000000e+04 -1.022539697209205315e-07
3.312000000000000000e+04 -1.744980887475692632e-07
3.318000000000000000e+04 -1.595321632839643126e-07
3.324000000000000000e+04 -1.555824627814256181e-07
3.330000000000000000e+04 -2.496121039310498559e-07
3.336000000000000000e+04 -3.298064298690172934e-07
3.342000000000000000e+04 -3.135810242742287580e-07
3.348000000000000000e+04 -2.628444303739522538e-07
3.354000000000000000e+04 -2.046581076279446690e-07
3.360000000000000000e+04 -1.373908393073839825e-07
3.366000000000000000e+04 -7.594777916089997510e-08
3.372000000000000000e+04 -3.055620220934289323e-08
3.378000000000000000e+04 -1.857886830225937420e-08
3.384000000000000000e+04 -9.744591404510042834e-09
3.390000000000000000e+04 2.479938363345035590e-08
3.396000000000000000e+04 5.233740413614999523e-08
3.402000000000000000e+04 5.564268185850410758e-08
3.408000000000000000e+04 6.066862582437363974e-08
3.414000000000000000e+04 1.298797965238139064e-07
3.420000000000000000e+04 1.954598733765883276e-07
3.426000000000000000e+04 1.185871396261473114e-07
3.432000000000000000e+04 -6.159012878291976489e-08
3.438000000000000000e+04 -2.745426502713532512e-07
3.444000000000000000e+04 -4.231648171571187774e-07
3.450000000000000000e+04 -3.862723110599486471e-07
3.456000000000000000e+04 -3.187367114929293822e-07
3.462000000000000000e+04 -4.490643724062992614e-07
3.468000000000000000e+04 -6.330354336517296086e-07
3.474000000000000000e+04 -7.525688133436930983e-07
3.480000000000000000e+04 -7.858010336144610964e-07
3.486000000000000000e+04 -6.757269934152172721e-07
3.492000000000000000e+04 -4.816189566206562110e-07
3.498000000000000000e+04 -2.976979514785852661e-07
3.504000000000000000e+04 -1.310162191853435015e-07
3.510000000000000000e+04 4.000928815149166753e-08
3.516000000000000000e+04 2.000871552402851584e-07
3.522000000000000000e+04 3.042416765550864932e-07
3.528000000000000000e+04 3.383353472346621201e-07
3.534000000000000000e+04 3.254474625293916191e-07
3.540000000000000000e+04 3.572380891485316123e-07
3.546000000000000000e+04 4.595054537640206873e-07
3.552000000000000000e+04 4.964152086618424567e-07
3.558000000000000000e+04 4.396399129935381843e-07
3.564000000000000000e+04 2.904276453320059136e-07
3.570000000000000000e+04 2.906585201562413431e-08
3.576000000000000000e+04 -1.546254353516675784e-07
3.582000000000000000e+04 -1.419327073450688087e-07
3.588000000000000000e+04 -1.152562111802341001e-07
3.594000000000000000e+04 -9.627811431249059795e-08
3.600000000000000000e+04 -8.721084019461255734e-08
3.606000000000000000e+04 -1.432231811040555685e-07
3.612000000000000000e+04 -1.630568584938541061e-07
3.618000000000000000e+04 -7.668668679829127298e-08
3.624000000000000000e+04 9.147395779613802492e-09
3.630000000000000000e+04 2.583256552025440659e-08
3.636000000000000000e+04 2.602731059911378364e-08
3.642000000000000000e+04 3.993664144906483714e-08
3.648000000000000000e+04 2.449259375025362521e-08
3.654000000000000000e+04 -6.398595535003308013e-08
3.660000000000000000e+04 -1.568645950423182776e-07
3.666000000000000000e+04 -2.101788183056739087e-07
3.672000000000000000e+04 -2.404997691151748008e-07
3.678000000000000000e+04 -2.398326590671850732e-07
3.684000000000000000e+04 -2.024213355248753287e-07
3.690000000000000000e+04 -1.215824334968353466e-07
3.696000000000000000e+04 -3.482368625638369169e-08
3.702000000000000000e+04 2.127721267439208884e-08
3.708000000000000000e+04 4.871337828382208827e-08
3.714000000000000000e+04 7.008143991550641076e-08
3.720000000000000000e+04 9.560234728173133689e-08
3.726000000000000000e+04 9.709118648990044953e-08
3.732000000000000000e+04 4.178818011069118654e-08
3.738000000000000000e+04 -8.571839966824146284e-08
3.744000000000000000e+04 -2.032310933699118033e-07
3.750000000000000000e+04 -2.464784682356761399e-07
3.756000000000000000e+04 -2.668381142720046333e-07
3.762000000000000000e+04 -2.924468196045804103e-07
3.768000000000000000e+04 -2.853558353315549417e-07
3.774000000000000000e+04 -2.367629406004971073e-07
3.780000000000000000e+04 -1.782156198390968112e-07
3.786000000000000000e+04 -1.060791457674348290e-07
3.792000000000000000e+04 -2.916560037519629408e-08
3.798000000000000000e+04 2.907924226136504520e-08
3.804000000000000000e+04 7.374319591635369345e-08
3.810000000000000000e+04 1.396335980669942072e-07
3.816000000000000000e+04 1.908310017105276589e-07
3.822000000000000000e+04 1.318777794656380229e-07
3.828000000000000000e+04 -8.034934631760231070e-09
3.834000000000000000e+04 -1.759559311289895176e-07
3.840000000000000000e+04 -3.046200444748366496e-07
3.846000000000000000e+04 -3.448080565926260896e-07
3.852000000000000000e+04 -3.259791579301775663e-07
3.858000000000000000e+04 -2.495533088682500011e-07
3.864000000000000000e+04 -1.657262763742293534e-07
3.870000000000000000e+04 -1.100869299689351685e-07
3.876000000000000000e+04 -4.768425047018317051e-08
3.882000000000000000e+04 2.086597248098879469e-08
3.888000000000000000e+04 8.394413061029356035e-08
3.894000000000000000e+04 1.400310365360507464e-07
3.900000000000000000e+04 1.739780924466897473e-07
3.906000000000000000e+04 1.988774664974749811e-07
3.912000000000000000e+04 1.992344313149023099e-07
3.918000000000000000e+04 1.150855380409552679e-07
3.924000000000000000e+04 -2.913559454219283373e-08
3.930000000000000000e+04 -1.715367220387712723e-07
3.936000000000000000e+04 -2.358563435817436489e-07
3.942000000000000000e+04 -2.026863254332480156e-07
3.948000000000000000e+04 -1.629851765658681457e-07
3.954000000000000000e+04 -1.371893791732766269e-07
3.960000000000000000e+04 -1.171940218916654232e-07
3.966000000000000000e+04 -1.108234130922647331e-07
3.972000000000000000e+04 -1.073083376424560695e-07
3.978000000000000000e+04 -1.155884490047544786e-07
3.984000000000000000e+04 -1.172541228345221563e-07
3.990000000000000000e+04 -1.030491434166752543e-07
3.996000000000000000e+04 -7.610341038986889210e-08
4.002000000000000000e+04 -2.955963930411272595e-08
4.008000000000000000e+04 1.911553605844310771e-08
4.014000000000000000e+04 6.583758749024078700e-08
4.020000000000000000e+04 8.789942347852316147e-08
4.026000000000000000e+04 5.802345537699500775e-08
4.032000000000000000e+04 4.269918042823506442e-08
4.038000000000000000e+04 1.206772374865577762e-07
4.044000000000000000e+04 1.657507317742029534e-07
4.050000000000000000e+04 3.079042165144800216e-08
4.056000000000000000e+04 -1.523226296963609111e-07
4.062000000000000000e+04 -2.693452036989230187e-07
4.068000000000000000e+04 -3.348108000565905974e-07
4.074000000000000000e+04 -3.375915863802527605e-07
4.080000000000000000e+04 -2.979856476755434200e-07
4.086000000000000000e+04 -2.320740114265112952e-07
4.092000000000000000e+04 -1.457497131792754590e-07
4.098000000000000000e+04 -5.997714605706268584e-08
4.104000000000000000e+04 2.467305680019700817e-08
4.110000000000000000e+04 1.326941113032979238e-07
4.116000000000000000e+04 2.276512812552968338e-07
4.122000000000000000e+04 2.584942446888967897e-07
4.128000000000000000e+04 2.367991257052939001e-07
4.134000000000000000e+04 1.663387445891469530e-07
4.140000000000000000e+04 7.308841941909560713e-08
4.146000000000000000e+04 -1.444864326828609846e-08
4.152000000000000000e+04 -1.264696728598089519e-07
4.158000000000000000e+04 -2.534431692186265418e-07
4.164000000000000000e+04 -2.961951053482893567e-07
4.170000000000000000e+04 -2.508819000472210188e-07
4.176000000000000000e+04 -2.240247920794423028e-07
4.182000000000000000e+04 -2.008196289729942853e-07
4.188000000000000000e+04 -1.671803385529940894e-07
4.194000000000000000e+04 -1.719690342731616806e-07
4.200000000000000000e+04 -1.818279196247792602e-07
4.206000000000000000e+04 -1.616976606998397511e-07
4.212000000000000000e+04 -1.173501284201794448e-07
4.218000000000000000e+04 -2.051249567089815435e-08
4.224000000000000000e+04 4.553382839285468899e-08
4.230000000000000000e+04 -6.616610313791201331e-08
4.236000000000000000e+04 -2.236922196516277825e-07
4.242000000000000000e+04 -3.106394559074474822e-07
4.248000000000000000e+04 -3.444207984508682719e-07
4.254000000000000000e+04 -2.825844159674156596e-07
4.260000000000000000e+04 -1.955996130589138185e-07
4.266000000000000000e+04 -1.999573644811264322e-07
4.272000000000000000e+04 -2.333948423903266679e-07
4.278000000000000000e+04 -2.226202375778020993e-07
4.284000000000000000e+04 -1.523246231960549256e-07
4.290000000000000000e+04 -2.048093630119725901e-08
4.296000000000000000e+04 9.469894168545138469e-08
4.302000000000000000e+04 1.586151222905905216e-07
4.308000000000000000e+04 2.129724991837417152e-07
4.314000000000000000e+04 2.533574209593233094e-07
4.320000000000000000e+04 2.383052294711862693e-07
4.326000000000000000e+04 1.401904754925326016e-07
4.332000000000000000e+04 4.250572850523585283e-09
4.338000000000000000e+04 -1.236643441549408469e-07
4.344000000000000000e+04 -1.497280118283502221e-07
4.350000000000000000e+04 -1.647350168244391615e-08
4.356000000000000000e+04 1.139135512852792103e-07
4.362000000000000000e+04 1.906986683351356456e-07
4.368000000000000000e+04 2.243840722401570570e-07
4.374000000000000000e+04 1.970991166585593095e-07
4.380000000000000000e+04 1.921094248652499453e-07
4.386000000000000000e+04 2.112233667759625840e-07
4.392000000000000000e+04 1.776162689282971160e-07
4.398000000000000000e+04 9.546348807900710003e-08
4.404000000000000000e+04 1.181374776441923602e-08
4.410000000000000000e+04 -5.073311744804853563e-08
4.416000000000000000e+04 -1.039639313322321348e-07
4.422000000000000000e+04 -1.973707033339304134e-07
4.428000000000000000e+04 -2.816561141478583170e-07
4.434000000000000000e+04 -2.696317089926024032e-07
4.440000000000000000e+04 -2.023085226064933797e-07
4.446000000000000000e+04 -1.460078987651491805e-07
4.452000000000000000e+04 -1.134783329735424452e-07
4.458000000000000000e+04 -1.073256594414280952e-07
4.464000000000000000e+04 -1.011520643484179886e-07
4.470000000000000000e+04 -8.192347783243791605e-08
4.476000000000000000e+04 -5.360551201931869766e-08
4.482000000000000000e+04 -6.163149721821747586e-09
4.488000000000000000e+04 3.924400688951982788e-08
4.494000000000000000e+04 2.994075131770394650e-08
4.500000000000000000e+04 1.011266252230746888e-08
4.506000000000000000e+04 3.441699987574709228e-08
4.512000000000000000e+04 5.857678548396027820e-08
4.518000000000000000e+04 7.730988431225530605e-08
4.524000000000000000e+04 8.784869591193142061e-08
4.530000000000000000e+04 7.639896601926061980e-08
4.536000000000000000e+04 7.676725198649259328e-08
4.542000000000000000e+04 1.014903614948483244e-07
4.548000000000000000e+04 7.931959402317223518e-08
4.554000000000000000e+04 -1.366604945642520792e-08
4.560000000000000000e+04 -8.212354108601735118e-08
4.566000000000000000e+04 -6.848089205251095546e-08
4.572000000000000000e+04 -3.914041953982650133e-08
4.578000000000000000e+04 -3.069415699998948870e-08
4.584000000000000000e+04 -4.478140495390673928e-08
4.590000000000000000e+04 -9.220651874172295387e-08
4.596000000000000000e+04 -1.450777786943709675e-07
4.602000000000000000e+04 -1.493440735936731543e-07
4.608000000000000000e+04 -1.048522417398713603e-07
4.614000000000000000e+04 -9.068208484964054277e-08
4.620000000000000000e+04 -1.182467398696170487e-07
4.626000000000000000e+04 -1.424490828633393773e-07
4.632000000000000000e+04 -1.535266626020298455e-07
4.638000000000000000e+04 -1.463478132073444188e-07
4.644000000000000000e+04 -1.256089381878461361e-07
4.650000000000000000e+04 -1.314782429964513447e-07
4.656000000000000000e+04 -1.375932013347504593e-07
4.662000000000000000e+04 -9.939272910472473658e-08
4.668000000000000000e+04 -3.991497560899374545e-08
4.674000000000000000e+04 1.500122483096925367e-08
4.680000000000000000e+04 5.159494536506603745e-08
4.686000000000000000e+04 6.690626951875999497e-08
4.692000000000000000e+04 9.201008424874571883e-08
4.698000000000000000e+04 1.459308726056244781e-07
4.704000000000000000e+04 1.923418781151857045e-07
4.710000000000000000e+04 2.031499871598535617e-07
4.716000000000000000e+04 1.634087371131520641e-07
4.722000000000000000e+04 7.424325697153363571e-08
4.728000000000000000e+04 2.539761918783171449e-08
4.734000000000000000e+04 5.448367037183543405e-08
4.740000000000000000e+04 7.122372290927861966e-08
4.746000000000000000e+04 8.492306777102553465e-08
4.752000000000000000e+04 9.099550968086808061e-08
4.758000000000000000e+04 3.742430684528415814e-08
4.764000000000000000e+04 -2.179763556435972623e-08
4.770000000000000000e+04 -6.578404436498319100e-08
4.776000000000000000e+04 -1.172150241552510960e-07
4.782000000000000000e+04 -1.356978899854505149e-07
4.788000000000000000e+04 -1.182819333742091192e-07
4.794000000000000000e+04 -1.015517158141585995e-07
4.800000000000000000e+04 -9.804820698689394064e-08
4.806000000000000000e+04 -1.148055961268610702e-07
4.812000000000000000e+04 -1.415184057453287455e-07
4.818000000000000000e+04 -1.701144483851752040e-07
4.824000000000000000e+04 -1.790918564295584989e-07
4.830000000000000000e+04 -1.661229091566342578e-07
4.836000000000000000e+04 -1.386946645041501829e-07
4.842000000000000000e+04 -8.182639728663657647e-08
4.848000000000000000e+04 -1.118110757661328025e-08
4.854000000000000000e+04 4.331685392738871252e-08
4.860000000000000000e+04 6.799970304512126781e-08
4.866000000000000000e+04 8.313405837611735076e-08
4.872000000000000000e+04 1.184712323585671887e-07
4.878000000000000000e+04 1.525127079395523773e-07
4.884000000000000000e+04 1.610408089676903133e-07
4.890000000000000000e+04 1.429178497677994649e-07
4.896000000000000000e+04 8.274464882648824029e-08
4.902000000000000000e+04 -1.789235019080311624e-08
4.908000000000000000e+04 -9.239778274335031226e-08
4.914000000000000000e+04 -1.086142127577904795e-07
4.920000000000000000e+04 -9.152909378034221025e-08
4.926000000000000000e+04 -2.214114604356480013e-08
4.932000000000000000e+04 5.755125506816393967e-08
4.938000000000000000e+04 8.766647886214913609e-08
4.944000000000000000e+04 9.278399635825884937e-08
4.950000000000000000e+04 9.180096608649157817e-08
4.956000000000000000e+04 8.075915381826800073e-08
4.962000000000000000e+04 1.033931357329043150e-07
4.968000000000000000e+04 1.286444417869051839e-07
4.974000000000000000e+04 3.684218996396575032e-08
4.980000000000000000e+04 -1.260575880690969151e-07
4.986000000000000000e+04 -2.866771557378846256e-07
4.992000000000000000e+04 -3.809968118672485627e-07
4.998000000000000000e+04 -3.661292133311464860e-07
5.004000000000000000e+04 -2.849648949469763205e-07
5.010000000000000000e+04 -1.515241629619634658e-07
5.016000000000000000e+04 2.763680763406828333e-09
5.022000000000000000e+04 1.579401303860907383e-07
5.028000000000000000e+04 2.925919723381631421e-07
5.034000000000000000e+04 3.805762447661962696e-07
5.040000000000000000e+04 4.127762943854686777e-07
5.046000000000000000e+04 3.577107169102274763e-07
5.052000000000000000e+04 2.871154667209949841e-07
5.058000000000000000e+04 2.710626009285593935e-07
5.064000000000000000e+04 2.402224344316000843e-07
5.070000000000000000e+04 1.519874692263815496e-07
5.076000000000000000e+04 1.106738557801282589e-08
5.082000000000000000e+04 -1.799674902519532491e-07
5.088000000000000000e+04 -2.957984317929438729e-07
5.094000000000000000e+04 -2.577279760003492247e-07
5.100000000000000000e+04 -1.932020785427405467e-07
5.106000000000000000e+04 -1.478906691556684307e-07
5.112000000000000000e+04 -9.918837667437692958e-08
5.118000000000000000e+04 -5.098502650346947982e-08
5.124000000000000000e+04 1.268370976072648874e-09
5.130000000000000000e+04 4.570061706901199655e-08
5.136000000000000000e+04 7.601081096787290800e-08
5.142000000000000000e+04 7.638033969296908767e-08
5.148000000000000000e+04 6.948175715453437672e-08
5.154000000000000000e+04 7.994493058753142346e-08
5.160000000000000000e+04 1.103234014858400727e-07
5.166000000000000000e+04 1.687401087682958438e-07
5.172000000000000000e+04 2.002967319998198375e-07
5.178000000000000000e+04 1.745161869814761463e-07
5.184000000000000000e+04 1.452650354071688357e-07
5.190000000000000000e+04 1.478415447109943157e-07
5.196000000000000000e+04 1.519114585827689214e-07
5.202000000000000000e+04 1.502477996189373725e-07
5.208000000000000000e+04 1.189024861389387260e-07
5.214000000000000000e+04 9.827666186864221189e-09
5.220000000000000000e+04 -1.122173461527940261e-07
5.226000000000000000e+04 -1.559738936870539932e-07
5.232000000000000000e+04 -1.718936054347549204e-07
5.238000000000000000e+04 -2.365394240689405683e-07
5.244000000000000000e+04 -3.037092944567267737e-07
5.250000000000000000e+04 -3.380625093734462849e-07
5.256000000000000000e+04 -3.249959499979776406e-07
5.262000000000000000e+04 -2.375716488061073047e-07
5.268000000000000000e+04 -1.191643715977436235e-07
5.274000000000000000e+04 4.644072548395938860e-09
5.280000000000000000e+04 1.193859231245209038e-07
5.286000000000000000e+04 1.852391151604265601e-07
5.292000000000000000e+04 2.250602252881761470e-07
5.298000000000000000e+04 2.786078742584204302e-07
5.304000000000000000e+04 2.994124837777065957e-07
5.310000000000000000e+04 2.392397178991451101e-07
5.316000000000000000e+04 1.377882099026089824e-07
5.322000000000000000e+04 9.646294995419024687e-09
5.328000000000000000e+04 -9.882322963145062909e-08
5.334000000000000000e+04 -1.351700004235262265e-07
5.340000000000000000e+04 -1.779086653826839112e-07
5.346000000000000000e+04 -2.601146339751882801e-07
5.352000000000000000e+04 -2.891259269603707605e-07
5.358000000000000000e+04 -2.436915918379670821e-07
5.364000000000000000e+04 -1.696655592386039075e-07
5.370000000000000000e+04 -9.185120691465598395e-09
5.376000000000000000e+04 1.574723263743591947e-07
5.382000000000000000e+04 1.506126306293625872e-07
5.388000000000000000e+04 6.269861565882013940e-08
5.394000000000000000e+04 -2.115642453760779862e-08
5.400000000000000000e+04 -8.111175235208748784e-08
5.406000000000000000e+04 -1.044899027801091982e-07
5.412000000000000000e+04 -1.288284049127721043e-07
5.418000000000000000e+04 -1.531632653221694727e-07
5.424000000000000000e+04 -1.411617496801150396e-07
5.430000000000000000e+04 -1.070917299020313127e-07
5.436000000000000000e+04 -5.758172275591166712e-08
5.442000000000000000e+04 3.444202618512840768e-08
5.448000000000000000e+04 1.285782234565491339e-07
5.454000000000000000e+04 2.035054275280797349e-07
5.460000000000000000e+04 2.696490388003301316e-07
5.466000000000000000e+04 3.116750517628136157e-07
5.472000000000000000e+04 3.228781207843580145e-07
5.478000000000000000e+04 3.033754632100529085e-07
5.484000000000000000e+04 2.133433267173523334e-07
5.490000000000000000e+04 3.776058037814611489e-08
5.496000000000000000e+04 -8.008461104697569008e-08
5.502000000000000000e+04 -5.883032416105031372e-08
5.508000000000000000e+04 -3.460289471600892939e-08
5.514000000000000000e+04 -3.169781291427013472e-08
5.520000000000000000e+04 -2.244741047531991425e-08
5.526000000000000000e+04 -1.785677403489301581e-08
5.532000000000000000e+04 -1.772920080686986795e-08
5.538000000000000000e+04 -2.524840141682194305e-08
5.544000000000000000e+04 -9.891427436847789019e-09
5.550000000000000000e+04 4.218672084189504649e-08
5.556000000000000000e+04 8.897688478932038983e-08
5.562000000000000000e+04 1.269339563492409117e-07
5.568000000000000000e+04 1.561465667306259132e-07
5.574000000000000000e+04 1.487028892524037473e-07
5.580000000000000000e+04 1.249104302046786523e-07
5.586000000000000000e+04 1.079076687687345079e-07
5.592000000000000000e+04 8.196247437801395820e-08
5.598000000000000000e+04 3.153059822634067379e-08
5.604000000000000000e+04 -1.702355672874670681e-08
5.610000000000000000e+04 -1.389116288814014817e-08
5.616000000000000000e+04 4.921875599329476032e-09
5.622000000000000000e+04 -4.502248399674650163e-09
5.628000000000000000e+04 -4.083735809720656508e-08
5.634000000000000000e+04 -1.257158314179931120e-07
5.640000000000000000e+04 -2.144490436777057809e-07
5.646000000000000000e+04 -2.588132528496406081e-07
5.652000000000000000e+04 -2.634517856726451786e-07
5.658000000000000000e+04 -2.270453079666195811e-07
5.664000000000000000e+04 -1.678490496185662200e-07
5.670000000000000000e+04 -1.068529263717245715e-07
5.676000000000000000e+04 -4.785120601552098768e-08
5.682000000000000000e+04 1.613997842748090268e-08
5.688000000000000000e+04 9.265054505466311656e-08
5.694000000000000000e+04 1.685883939833478621e-07
5.700000000000000000e+04 2.174417673342134700e-07
5.706000000000000000e+04 2.231021072832822805e-07
5.712000000000000000e+04 2.099085622742312079e-07
5.718000000000000000e+04 2.133307630428303072e-07
5.724000000000000000e+04 1.755190796856598237e-07
5.730000000000000000e+04 3.506979184911736820e-08
5.736000000000000000e+04 -1.126755115161970408e-07
5.742000000000000000e+04 -2.060112654452226849e-07
5.748000000000000000e+04 -2.472795569591577215e-07
5.754000000000000000e+04 -2.179520952983599100e-07
5.760000000000000000e+04 -1.634287331817261656e-07
5.766000000000000000e+04 -4.783503805017482056e-08
5.772000000000000000e+04 6.971872258017263761e-08
5.778000000000000000e+04 1.984681117043566660e-08
5.784000000000000000e+04 -9.435590774542478879e-08
5.790000000000000000e+04 -1.435435704254944875e-07
5.796000000000000000e+04 -1.576771999395783611e-07
5.802000000000000000e+04 -1.574306484986252365e-07
5.808000000000000000e+04 -1.317354169870036677e-07
5.814000000000000000e+04 -8.803083667377938886e-08
5.820000000000000000e+04 -3.779258179436214410e-08
5.826000000000000000e+04 1.142064681471100029e-08
5.832000000000000000e+04 4.164570615710720129e-08
5.838000000000000000e+04 5.781536047607764154e-08
5.844000000000000000e+04 1.023757725968077512e-07
5.850000000000000000e+04 1.851657557391111988e-07
5.856000000000000000e+04 2.484634481780129240e-07
5.862000000000000000e+04 2.638030192211408333e-07
5.868000000000000000e+04 2.421943792995280851e-07
5.874000000000000000e+04 1.979028602137195056e-07
5.880000000000000000e+04 1.065940241970255305e-07
5.886000000000000000e+04 -6.988642949033730375e-08
5.892000000000000000e+04 -1.698860199025644334e-07
5.898000000000000000e+04 -8.533107375361300689e-08
5.904000000000000000e+04 -1.502381246377508010e-09
5.910000000000000000e+04 6.197039728201661798e-08
5.916000000000000000e+04 1.163334954088398237e-07
5.922000000000000000e+04 5.164545687520264588e-08
5.928000000000000000e+04 -6.954728994194858418e-08
5.934000000000000000e+04 -1.935905997971452518e-07
5.940000000000000000e+04 -2.924951335849431448e-07
5.946000000000000000e+04 -3.129161860335183187e-07
5.952000000000000000e+04 -2.903411567451117515e-07
5.958000000000000000e+04 -2.667089949840578783e-07
5.964000000000000000e+04 -2.206021591272718355e-07
5.970000000000000000e+04 -1.254326688300555439e-07
5.976000000000000000e+04 -6.558240683157690043e-09
5.982000000000000000e+04 9.889615250960326078e-08
5.988000000000000000e+04 1.789993644450010910e-07
5.994000000000000000e+04 2.548461004844617349e-07
6.000000000000000000e+04 3.371160044935335940e-07
6.006000000000000000e+04 4.330968207920393720e-07
6.012000000000000000e+04 4.456914448656747789e-07
6.018000000000000000e+04 2.457078318083191092e-07
6.024000000000000000e+04 -5.916310394521913528e-08
6.030000000000000000e+04 -3.491910106949436054e-07
6.036000000000000000e+04 -5.170411602660462746e-07
6.042000000000000000e+04 -4.864373143764986848e-07
6.048000000000000000e+04 -3.891273471833221255e-07
6.054000000000000000e+04 -3.084359893661588796e-07
6.060000000000000000e+04 -2.359579282595660249e-07
6.066000000000000000e+04 -1.437980079777717685e-07
6.072000000000000000e+04 -1.769740187567333318e-08
6.078000000000000000e+04 1.042323148597867925e-07
6.084000000000000000e+04 1.931341850699523187e-07
6.090000000000000000e+04 2.441480573991498423e-07
6.096000000000000000e+04 2.841346385966161068e-07
6.102000000000000000e+04 3.183815758047112821e-07
6.108000000000000000e+04 3.023808290069281750e-07
6.114000000000000000e+04 2.111415328572702093e-07
6.120000000000000000e+04 9.316428149983013188e-08
6.126000000000000000e+04 -1.270041453544275796e-08
6.132000000000000000e+04 -4.288984242368602399e-08
6.138000000000000000e+04 2.814258657074057349e-08
6.144000000000000000e+04 7.657934470705710402e-08
6.150000000000000000e+04 7.817324514010811349e-08
6.156000000000000000e+04 6.880927432006966882e-08
6.162000000000000000e+04 2.892949141942990843e-08
6.168000000000000000e+04 1.471880733891484172e-08
6.174000000000000000e+04 6.759893071799083232e-08
6.180000000000000000e+04 1.056155887796163760e-07
6.186000000000000000e+04 9.503293635313806195e-08
6.192000000000000000e+04 8.381882170583701860e-08
6.198000000000000000e+04 7.995564100099032657e-08
6.204000000000000000e+04 5.455537460420193667e-08
6.210000000000000000e+04 -1.932784548785519344e-08
6.216000000000000000e+04 -1.029308872681674257e-07
6.222000000000000000e+04 -1.360480960833678472e-07
6.228000000000000000e+04 -1.394325722566443766e-07
6.234000000000000000e+04 -1.676697647053776547e-07
6.240000000000000000e+04 -2.034753664537323538e-07
6.246000000000000000e+04 -1.876752289522535749e-07
6.252000000000000000e+04 -1.364011993224926661e-07
6.258000000000000000e+04 -1.093001792614132605e-07
6.264000000000000000e+04 -1.013446031957835671e-07
6.270000000000000000e+04 -8.420764675056794661e-08
6.276000000000000000e+04 -4.149668168089888796e-08
6.282000000000000000e+04 3.714727187277555443e-08
6.288000000000000000e+04 1.096578563317823773e-07
6.294000000000000000e+04 1.607543495946855866e-07
6.300000000000000000e+04 1.913672547183831121e-07
6.306000000000000000e+04 1.523420279935655647e-07
6.312000000000000000e+04 7.881131179852951794e-08
6.318000000000000000e+04 1.135242539499388932e-08
6.324000000000000000e+04 -3.117247879477758187e-08
6.330000000000000000e+04 -2.021178499127714574e-08
6.336000000000000000e+04 -1.463066772629251189e-08
6.342000000000000000e+04 -4.363980147560619915e-08
6.348000000000000000e+04 -4.505371554545945221e-08
6.354000000000000000e+04 -3.755918985432852778e-09
6.360000000000000000e+04 1.936036853969943102e-08
6.366000000000000000e+04 1.859181360415000033e-08
6.372000000000000000e+04 4.684923621718628263e-08
6.378000000000000000e+04 8.326629817821211400e-08
6.384000000000000000e+04 9.153602981993210746e-08
6.390000000000000000e+04 9.796318356271316043e-08
6.396000000000000000e+04 9.474486580215990021e-08
6.402000000000000000e+04 4.596980161854687527e-08
6.408000000000000000e+04 -1.837307852768643856e-08
6.414000000000000000e+04 -7.175854883796166351e-08
6.420000000000000000e+04 -8.123794131958035646e-08
6.426000000000000000e+04 -1.409915620203168914e-08
6.432000000000000000e+04 5.982871444897008574e-08
6.438000000000000000e+04 9.093319908252036339e-08
6.444000000000000000e+04 9.637319875940389721e-08
6.450000000000000000e+04 1.052587128629508178e-07
6.456000000000000000e+04 1.184146406897161083e-07
6.462000000000000000e+04 1.174565531386386444e-07
6.468000000000000000e+04 9.651440342530366611e-08
6.474000000000000000e+04 4.083249098216223949e-08
6.480000000000000000e+04 -2.959111326447198203e-08
6.486000000000000000e+04 -6.122410878377226597e-08
6.492000000000000000e+04 -5.278014175898644864e-08
6.498000000000000000e+04 -7.576515680963088456e-08
6.504000000000000000e+04 -1.351103404049341980e-07
6.510000000000000000e+04 -1.810433724512561291e-07
6.516000000000000000e+04 -1.827468867369082601e-07
6.522000000000000000e+04 -1.427441918467701575e-07
6.528000000000000000e+04 -9.165593187523043400e-08
6.534000000000000000e+04 -3.638485859304430026e-08
6.540000000000000000e+04 1.778906204980001959e-08
6.546000000000000000e+04 4.830134091027283015e-08
6.552000000000000000e+04 8.192914183133744054e-08
6.558000000000000000e+04 1.483029328644876686e-07
6.564000000000000000e+04 1.877569116693252494e-07
6.570000000000000000e+04 1.492454228946051560e-07
6.576000000000000000e+04 8.777328325618172222e-08
6.582000000000000000e+04 3.547339252572371939e-08
6.588000000000000000e+04 -1.028061926353074395e-08
6.594000000000000000e+04 -5.407009918365993932e-08
6.600000000000000000e+04 -1.135682156817631879e-07
6.606000000000000000e+04 -1.736088411438916628e-07
6.612000000000000000e+04 -1.722319552779211174e-07
6.618000000000000000e+04 -9.700160967900106094e-08
6.624000000000000000e+04 -2.861646286588896076e-08
6.630000000000000000e+04 3.508171945292941066e-08
6.636000000000000000e+04 1.083577248908497908e-07
6.642000000000000000e+04 1.722922113357033930e-07
6.648000000000000000e+04 2.090306374101745079e-07
6.654000000000000000e+04 1.907341944092320387e-07
6.660000000000000000e+04 1.502998631430311699e-07
6.666000000000000000e+04 1.189778123213830421e-07
6.672000000000000000e+04 7.264347285165784207e-08
6.678000000000000000e+04 -4.468262877754813900e-10
6.684000000000000000e+04 -6.158847029441120186e-08
6.690000000000000000e+04 -8.564021886728796794e-08
6.696000000000000000e+04 -9.819431879750743488e-08
6.702000000000000000e+04 -9.338246324657369377e-08
6.708000000000000000e+04 -7.080043974821055596e-08
6.714000000000000000e+04 -5.945957109917040235e-08
6.720000000000000000e+04 -5.605987647080979118e-08
6.726000000000000000e+04 -2.940851578439596236e-08
6.732000000000000000e+04 2.659248094285619140e-08
6.738000000000000000e+04 1.165822323460213887e-07
6.744000000000000000e+04 1.701464026290557378e-07
6.750000000000000000e+04 8.745303568096404173e-08
6.756000000000000000e+04 -3.323432012439231497e-08
6.762000000000000000e+04 -7.693799056011918491e-08
6.768000000000000000e+04 -6.931279762113310974e-08
6.774000000000000000e+04 -5.069637294049614978e-08
6.780000000000000000e+04 -4.286288808469374122e-08
6.786000000000000000e+04 -4.654710390438373121e-08
6.792000000000000000e+04 -4.214385383657925656e-08
6.798000000000000000e+04 -3.019890651804561634e-08
6.804000000000000000e+04 -1.282052771248617003e-08
6.810000000000000000e+04 2.593202028181029673e-08
6.816000000000000000e+04 6.922404890477110734e-08
6.822000000000000000e+04 9.661852545678658836e-08
6.828000000000000000e+04 1.281396876528136500e-07
6.834000000000000000e+04 1.742903341690980328e-07
6.840000000000000000e+04 1.828272441658368335e-07
6.846000000000000000e+04 1.082624756330631962e-07
6.852000000000000000e+04 1.086856235577489845e-08
6.858000000000000000e+04 -5.351128690676831834e-08
6.864000000000000000e+04 -4.750672453572116910e-08
6.870000000000000000e+04 3.838562233730857941e-08
6.876000000000000000e+04 9.229823117971417429e-08
6.882000000000000000e+04 1.076158401855607296e-07
6.888000000000000000e+04 1.347888779517497584e-07
6.894000000000000000e+04 8.820049238293658790e-08
6.900000000000000000e+04 -1.313127494587118485e-09
6.906000000000000000e+04 -5.806972501060566467e-08
6.912000000000000000e+04 -8.478252591347565062e-08
6.918000000000000000e+04 -8.184934602179413624e-08
6.924000000000000000e+04 -7.823821884326195545e-08
6.930000000000000000e+04 -1.171209254082853782e-07
6.936000000000000000e+04 -1.466024770335981058e-07
6.942000000000000000e+04 -1.010115918988890886e-07
6.948000000000000000e+04 -2.555391883998780901e-08
6.954000000000000000e+04 2.909625705221444984e-08
6.960000000000000000e+04 8.602412980724764560e-08
6.966000000000000000e+04 1.663975133917028284e-07
6.972000000000000000e+04 2.197555656934894680e-07
6.978000000000000000e+04 2.440075261522095423e-07
6.984000000000000000e+04 2.376387109125540243e-07
6.990000000000000000e+04 1.280058884479962078e-07
6.996000000000000000e+04 -5.154261800525972159e-08
7.002000000000000000e+04 -2.483189977778762051e-07
7.008000000000000000e+04 -3.719972922619034008e-07
7.014000000000000000e+04 -3.618542938694374812e-07
7.020000000000000000e+04 -3.220613222063942861e-07
7.026000000000000000e+04 -2.558642879944607816e-07
7.032000000000000000e+04 -1.590825440798277030e-07
7.038000000000000000e+04 -7.852716094290668456e-08
7.044000000000000000e+04 6.579106899320026811e-09
7.050000000000000000e+04 1.002504019801536641e-07
7.056000000000000000e+04 1.508645276823474542e-07
7.062000000000000000e+04 1.290949644596611767e-07
7.068000000000000000e+04 1.152710595765891603e-07
7.074000000000000000e+04 1.638708311810232967e-07
7.080000000000000000e+04 2.095387874270308425e-07
7.086000000000000000e+04 2.170046040058752284e-07
7.092000000000000000e+04 1.869461544889520598e-07
7.098000000000000000e+04 1.088194985182875720e-07
7.104000000000000000e+04 5.461548968655842286e-08
7.110000000000000000e+04 6.916099676915199181e-08
7.116000000000000000e+04 8.805140143894792920e-08
7.122000000000000000e+04 1.142753914863681164e-07
7.128000000000000000e+04 1.417696680950283004e-07
7.134000000000000000e+04 1.396533577018947364e-07
7.140000000000000000e+04 1.033431436701000766e-07
7.146000000000000000e+04 3.141878127064604979e-08
7.152000000000000000e+04 -2.309779627678495014e-08
7.158000000000000000e+04 -3.624282214111558828e-08
7.164000000000000000e+04 -2.959650810494910825e-08
7.170000000000000000e+04 7.942515856465548805e-09
7.176000000000000000e+04 5.934714457841531591e-08
7.182000000000000000e+04 1.037645212806822202e-07
7.188000000000000000e+04 1.102199071801220563e-07
7.194000000000000000e+04 4.945200587543514979e-08
7.200000000000000000e+04 -1.896433064081196955e-08
7.206000000000000000e+04 -5.262481837046047845e-08
7.212000000000000000e+04 -5.986030762137698751e-08
7.218000000000000000e+04 -4.617557219146565532e-08
7.224000000000000000e+04 -2.803674160207122241e-08
7.230000000000000000e+04 -1.026095575116144594e-08
7.236000000000000000e+04 -2.718696150034542383e-09
7.242000000000000000e+04 -8.099097496827578624e-09
7.248000000000000000e+04 -7.331984784817817050e-09
7.254000000000000000e+04 -8.668120394031419322e-09
7.260000000000000000e+04 -1.506251278577305015e-08
7.266000000000000000e+04 -1.514099100899853409e-08
7.272000000000000000e+04 -1.102096318037389563e-08
7.278000000000000000e+04 -1.325413295216274904e-08
7.284000000000000000e+04 -1.789489706057837630e-08
7.290000000000000000e+04 2.235774806298718297e-08
7.296000000000000000e+04 7.629283329153857276e-08
7.302000000000000000e+04 6.411537471252837239e-08
7.308000000000000000e+04 2.533359914705842416e-08
7.314000000000000000e+04 2.010050663703762472e-08
7.320000000000000000e+04 1.514542020871386392e-08
7.326000000000000000e+04 -1.812716140490999783e-08
7.332000000000000000e+04 -4.661649589931167613e-08
7.338000000000000000e+04 -4.164928635609170119e-08
7.344000000000000000e+04 -3.132387448566882901e-08
7.350000000000000000e+04 -6.106267727082336808e-08
7.356000000000000000e+04 -9.982416485284731928e-08
7.362000000000000000e+04 -8.632879041903241111e-08
7.368000000000000000e+04 -4.122392014103970757e-08
7.374000000000000000e+04 -3.488981048608656159e-08
7.380000000000000000e+04 -4.632397567425523986e-08
7.386000000000000000e+04 -1.919095176591833974e-08
7.392000000000000000e+04 2.892200235427485196e-08
7.398000000000000000e+04 6.089617953126957861e-08
7.404000000000000000e+04 6.041577789011690906e-08
7.410000000000000000e+04 2.533842355494549467e-08
7.416000000000000000e+04 3.398160503265134926e-08
7.422000000000000000e+04 1.068409694191668704e-07
7.428000000000000000e+04 1.639743056963220204e-07
7.434000000000000000e+04 1.970736163231512403e-07
7.440000000000000000e+04 2.300002086076900320e-07
7.446000000000000000e+04 2.540685385068093941e-07
7.452000000000000000e+04 2.514997225039570680e-07
7.458000000000000000e+04 2.237300230815743646e-07
7.464000000000000000e+04 2.097432014076805462e-07
7.470000000000000000e+04 2.683517031854682145e-07
7.476000000000000000e+04 2.883668247272153202e-07
7.482000000000000000e+04 1.228432548062291518e-07
7.488000000000000000e+04 -7.138545695175672603e-08
7.494000000000000000e+04 -1.613750844836383042e-07
7.500000000000000000e+04 -2.299706820850279726e-07
7.506000000000000000e+04 -3.033650534453359868e-07
7.512000000000000000e+04 -3.296778354520737191e-07
7.518000000000000000e+04 -2.913936957392680429e-07
7.524000000000000000e+04 -2.239689681355951535e-07
7.530000000000000000e+04 -1.437433061546080143e-07
7.536000000000000000e+04 -5.041173234190491762e-08
7.542000000000000000e+04 4.306391217130667568e-08
7.548000000000000000e+04 1.169604936047952073e-07
7.554000000000000000e+04 1.419499534371232494e-07
7.560000000000000000e+04 1.464948358818191076e-07
7.566000000000000000e+04 1.558715142548072752e-07
7.572000000000000000e+04 1.482580184217208058e-07
7.578000000000000000e+04 1.139098651351672071e-07
7.584000000000000000e+04 3.883510783266042043e-08
7.590000000000000000e+04 -9.782268109101895379e-08
7.596000000000000000e+04 -1.716355618199226104e-07
7.602000000000000000e+04 -1.079626428363937076e-07
7.608000000000000000e+04 -4.474076627583589705e-08
7.614000000000000000e+04 -6.156172278545812837e-09
7.620000000000000000e+04 3.899796890913705811e-08
7.626000000000000000e+04 6.620835575818032632e-08
7.632000000000000000e+04 6.959804074388916137e-08
7.638000000000000000e+04 3.125716000404454721e-08
7.644000000000000000e+04 -6.856157038515979331e-09
7.650000000000000000e+04 4.447804808870026293e-08
7.656000000000000000e+04 1.192794991628637388e-07
7.662000000000000000e+04 9.179867997098171421e-08
7.668000000000000000e+04 1.960802663997692547e-08
7.674000000000000000e+04 -2.297471953157751782e-08
7.680000000000000000e+04 -6.198573535056336706e-08
7.686000000000000000e+04 -1.060380218004715823e-07
7.692000000000000000e+04 -1.329440860538035561e-07
7.698000000000000000e+04 -1.155061106733468206e-07
7.704000000000000000e+04 -6.488600154362645341e-08
7.710000000000000000e+04 -1.837030647218462764e-08
7.716000000000000000e+04 9.527868415880787884e-09
7.722000000000000000e+04 1.695582849218594539e-08
7.728000000000000000e+04 1.143032355317245455e-08
7.734000000000000000e+04 -9.248826542592366817e-11
7.740000000000000000e+04 5.258234949771327030e-09
7.746000000000000000e+04 4.357955915868424307e-08
7.752000000000000000e+04 8.763311742746952562e-08
7.758000000000000000e+04 1.125455581637198804e-07
7.764000000000000000e+04 7.498115090949960520e-08
7.770000000000000000e+04 -3.595753016565524515e-08
7.776000000000000000e+04 -8.877634501922952175e-08
7.782000000000000000e+04 -3.587068531605656632e-08
7.788000000000000000e+04 1.169066924088894458e-08
7.794000000000000000e+04 3.477993175890481271e-08
7.800000000000000000e+04 5.420561411592176454e-08
7.806000000000000000e+04 8.147642928333272160e-08
7.812000000000000000e+04 8.731273934958297972e-08
7.818000000000000000e+04 4.266277679685256247e-08
7.824000000000000000e+04 -5.369043783639189569e-09
7.830000000000000000e+04 -6.323303053066645658e-08
7.836000000000000000e+04 -1.258671226589865414e-07
7.842000000000000000e+04 -1.504045133144301273e-07
7.848000000000000000e+04 -1.519379997969028012e-07
7.854000000000000000e+04 -1.430762627834906541e-07
7.860000000000000000e+04 -1.280774972411968857e-07
7.866000000000000000e+04 -1.149321830245381096e-07
7.872000000000000000e+04 -9.234234820317450986e-08
7.878000000000000000e+04 -6.755200464766964426e-08
7.884000000000000000e+04 -4.226265411313989960e-08
7.890000000000000000e+04 2.218431708125856604e-09
7.896000000000000000e+04 5.884707765987003808e-08
7.902000000000000000e+04 1.073272616145676261e-07
7.908000000000000000e+04 1.363766894952230414e-07
7.914000000000000000e+04 1.480080540904269825e-07
7.920000000000000000e+04 1.320489759911123603e-07
7.926000000000000000e+04 7.197786064394584571e-08
7.932000000000000000e+04 6.207426765196070653e-09
7.938000000000000000e+04 -5.506729825720720745e-08
7.944000000000000000e+04 -9.130532927237773621e-08
7.950000000000000000e+04 -5.968334248843595296e-08
7.956000000000000000e+04 -1.922163546328366576e-08
7.962000000000000000e+04 1.599582279907437450e-08
7.968000000000000000e+04 4.716557808643699061e-08
7.974000000000000000e+04 3.911447022675780692e-08
7.980000000000000000e+04 6.286982990229746953e-09
7.986000000000000000e+04 -4.519891609785127726e-08
7.992000000000000000e+04 -9.169169554376169779e-08
7.998000000000000000e+04 -7.579707093259557297e-08
8.004000000000000000e+04 -5.379006794634100120e-08
8.010000000000000000e+04 -1.464552270527552763e-07
8.016000000000000000e+04 -2.573830239818950979e-07
8.022000000000000000e+04 -2.762991598060510307e-07
8.028000000000000000e+04 -2.447003052533092350e-07
8.034000000000000000e+04 -2.014575233397209004e-07
8.040000000000000000e+04 -1.332957095231494465e-07
8.046000000000000000e+04 -3.573535891157608724e-08
8.052000000000000000e+04 8.178060703495359544e-08
8.058000000000000000e+04 2.177688930875508127e-07
8.064000000000000000e+04 3.333334983316588385e-07
8.070000000000000000e+04 4.160219254871940652e-07
8.076000000000000000e+04 4.587745282700478534e-07
8.082000000000000000e+04 4.296119326240716019e-07
8.088000000000000000e+04 3.717948909592409102e-07
8.094000000000000000e+04 3.202133599911986319e-07
8.100000000000000000e+04 2.524904468368532884e-07
8.106000000000000000e+04 1.654873229266912160e-07
8.112000000000000000e+04 4.961984816573283697e-08
8.118000000000000000e+04 -8.851727264653126725e-08
8.124000000000000000e+04 -1.584938731508112042e-07
8.130000000000000000e+04 -1.075508260510911998e-07
8.136000000000000000e+04 -7.133113456847528511e-08
8.142000000000000000e+04 -1.071441995014142196e-07
8.148000000000000000e+04 -1.272350424245255357e-07
8.154000000000000000e+04 -9.726642081359556111e-08
8.160000000000000000e+04 -4.890510588729154037e-08
8.166000000000000000e+04 -2.752445519999905951e-09
8.172000000000000000e+04 3.578711913002537710e-08
8.178000000000000000e+04 6.392817885059187423e-08
8.184000000000000000e+04 7.224319032196613840e-08
8.190000000000000000e+04 5.533026544215595135e-08
8.196000000000000000e+04 3.762567788688497574e-08
8.202000000000000000e+04 5.885751975185278693e-08
8.208000000000000000e+04 8.715917208581650285e-08
8.214000000000000000e+04 1.064946874396871576e-07
8.220000000000000000e+04 1.220390700995555022e-07
8.226000000000000000e+04 1.281276267446386953e-07
